27
76
0 1
1.050215e+00 -2.467585e-01 -4.617124e+01 -1.403514e-01 1.317864e+00 6.160315e+01 -2.387197e-04 1.481972e-03 1.000000e+00
0.000000e+00 0.000000e+00 0.000000e+00 0.000000e+00 0.000000e+00 0.000000e+00 0.000000e+00 0.000000e+00 0.000000e+00
8.7500000000000000e-01
35
0
0 11
9.737378e-01 -1.970426e-02 8.606549e+01 8.010793e-01 9.954841e-01 1.778554e+02 2.481588e-03 1.296419e-04 1.000000e+00
0.000000e+00 0.000000e+00 0.000000e+00 0.000000e+00 0.000000e+00 0.000000e+00 0.000000e+00 0.000000e+00 0.000000e+00
8.2352941176470584e-01
14
0
0 12
1.105037e+00 -1.360758e-01 4.060069e+01 4.134024e-03 1.183675e+00 1.103867e+02 -3.628079e-04 -3.051725e-04 1.000000e+00
0.000000e+00 0.000000e+00 0.000000e+00 0.000000e+00 0.000000e+00 0.000000e+00 0.000000e+00 0.000000e+00 0.000000e+00
8.3333333333333337e-01
50
0
0 13
9.786683e-01 5.040756e-03 6.387216e+01 2.799593e-01 1.372214e+00 5.986318e+01 9.098815e-04 1.561554e-03 1.000000e+00
0.000000e+00 0.000000e+00 0.000000e+00 0.000000e+00 0.000000e+00 0.000000e+00 0.000000e+00 0.000000e+00 0.000000e+00
8.1481481481481477e-01
22
0
0 23
8.349642e-01 -3.236069e-02 -5.804727e+01 -9.109789e-02 9.826387e-01 -6.369288e+01 -3.862794e-04 -5.639486e-04 1.000000e+00
0.000000e+00 0.000000e+00 0.000000e+00 0.000000e+00 0.000000e+00 0.000000e+00 0.000000e+00 0.000000e+00 0.000000e+00
1.0000000000000000e+00
20
0
0 24
1.005322e+00 -1.417858e-01 1.189242e+01 -4.247626e-02 1.341477e+00 6.750663e+01 -5.294502e-04 4.146119e-04 1.000000e+00
0.000000e+00 0.000000e+00 0.000000e+00 0.000000e+00 0.000000e+00 0.000000e+00 0.000000e+00 0.000000e+00 0.000000e+00
8.3783783783783783e-01
31
0
1 0
9.795042e-01 1.424125e-01 3.645186e+01 1.003369e-01 8.298700e-01 -4.648992e+01 8.513035e-05 -1.195848e-03 1.077599e+00
0.000000e+00 0.000000e+00 0.000000e+00 0.000000e+00 0.000000e+00 0.000000e+00 0.000000e+00 0.000000e+00 0.000000e+00
0.0000000000000000e+00
0
0
1 2
9.428696e-01 -9.167772e-02 7.039446e+00 -2.869519e-01 1.090202e+00 1.014902e+01 -8.256610e-04 2.034057e-04 1.000000e+00
0.000000e+00 0.000000e+00 0.000000e+00 0.000000e+00 0.000000e+00 0.000000e+00 0.000000e+00 0.000000e+00 0.000000e+00
6.8421052631578949e-01
13
0
1 12
1.243504e+00 2.445408e-02 1.000542e+02 3.576145e-01 1.269096e+00 4.385513e+01 7.935966e-04 3.348060e-04 1.000000e+00
0.000000e+00 0.000000e+00 0.000000e+00 0.000000e+00 0.000000e+00 0.000000e+00 0.000000e+00 0.000000e+00 0.000000e+00
9.2857142857142860e-01
39
0
1 23
9.999712e-01 -2.417315e-01 2.552471e+01 9.864672e-02 1.248344e+00 -1.608026e+02 -2.794527e-04 6.259078e-04 1.000000e+00
0.000000e+00 0.000000e+00 0.000000e+00 0.000000e+00 0.000000e+00 0.000000e+00 0.000000e+00 0.000000e+00 0.000000e+00
9.4999999999999996e-01
38
0
1 24
1.079167e+00 8.759404e-02 5.252807e+01 2.315986e-01 1.308089e+00 -5.368403e+00 4.213856e-04 4.397459e-04 1.000000e+00
0.000000e+00 0.000000e+00 0.000000e+00 0.000000e+00 0.000000e+00 0.000000e+00 0.000000e+00 0.000000e+00 0.000000e+00
9.0322580645161288e-01
28
0
2 1
1.081262e+00 9.252128e-02 -8.550488e+00 2.768121e-01 9.426877e-01 -1.151596e+01 8.364509e-04 -1.153569e-04 9.952826e-01
0.000000e+00 0.000000e+00 0.000000e+00 0.000000e+00 0.000000e+00 0.000000e+00 0.000000e+00 0.000000e+00 0.000000e+00
0.0000000000000000e+00
0
0
2 22
1.333174e+00 -1.598272e-03 1.361711e+02 -9.486555e-02 1.514112e+00 -1.166331e+02 -5.472325e-04 -2.523256e-06 1.000000e+00
0.000000e+00 0.000000e+00 0.000000e+00 0.000000e+00 0.000000e+00 0.000000e+00 0.000000e+00 0.000000e+00 0.000000e+00
7.1428571428571430e-01
20
0
2 23
1.186974e+00 -6.425790e-02 1.270915e+01 2.814096e-01 1.250523e+00 -1.845316e+02 9.272215e-04 8.345491e-04 1.000000e+00
0.000000e+00 0.000000e+00 0.000000e+00 0.000000e+00 0.000000e+00 0.000000e+00 0.000000e+00 0.000000e+00 0.000000e+00
9.2000000000000004e-01
23
0
3 16
1.502116e+00 1.087010e-01 2.094688e+02 1.695720e-01 1.423733e+00 -9.298473e+01 3.356614e-04 5.041872e-04 1.000000e+00
0.000000e+00 0.000000e+00 0.000000e+00 0.000000e+00 0.000000e+00 0.000000e+00 0.000000e+00 0.000000e+00 0.000000e+00
7.7777777777777779e-01
14
0
4 21
1.284571e+00 6.004592e-03 -7.723646e+01 1.032801e-01 1.348187e+00 -6.583765e+01 4.892353e-04 2.226804e-04 1.000000e+00
0.000000e+00 0.000000e+00 0.000000e+00 0.000000e+00 0.000000e+00 0.000000e+00 0.000000e+00 0.000000e+00 0.000000e+00
6.5217391304347827e-01
15
0
5 20
1.076206e+00 1.205924e-01 1.359772e+02 -5.549423e-01 1.430798e+00 2.421728e+01 1.012538e-03 2.703866e-04 1.000000e+00
0.000000e+00 0.000000e+00 0.000000e+00 0.000000e+00 0.000000e+00 0.000000e+00 0.000000e+00 0.000000e+00 0.000000e+00
5.2631578947368418e-01
10
0
6 11
1.277244e+00 -5.920203e-02 -3.619869e+00 1.069905e-01 1.309582e+00 7.308345e+01 4.800630e-04 -4.798567e-05 1.000000e+00
0.000000e+00 0.000000e+00 0.000000e+00 0.000000e+00 0.000000e+00 0.000000e+00 0.000000e+00 0.000000e+00 0.000000e+00
9.0909090909090906e-01
20
0
6 19
1.068458e+00 4.227512e-02 -6.858213e+01 -3.632450e-02 1.172887e+00 7.808940e+01 3.415301e-04 -1.639551e-04 1.000000e+00
0.000000e+00 0.000000e+00 0.000000e+00 0.000000e+00 0.000000e+00 0.000000e+00 0.000000e+00 0.000000e+00 0.000000e+00
7.7777777777777779e-01
21
0
7 12
1.374936e+00 -5.515242e-02 -4.345042e+01 7.313301e-02 1.388580e+00 -3.151670e+01 -1.105021e-04 -1.482929e-05 1.000000e+00
0.000000e+00 0.000000e+00 0.000000e+00 0.000000e+00 0.000000e+00 0.000000e+00 0.000000e+00 0.000000e+00 0.000000e+00
9.0909090909090906e-01
20
0
7 18
1.134321e+00 -3.354395e-02 -1.074222e+02 1.025913e-02 1.169685e+00 -3.977523e+01 -3.444585e-05 7.802878e-05 1.000000e+00
0.000000e+00 0.000000e+00 0.000000e+00 0.000000e+00 0.000000e+00 0.000000e+00 0.000000e+00 0.000000e+00 0.000000e+00
9.3750000000000000e-01
45
0
8 17
1.097112e+00 -3.965653e-02 -4.566752e+01 1.061314e-01 1.115175e+00 -1.181162e+02 1.181138e-04 1.083233e-04 1.000000e+00
0.000000e+00 0.000000e+00 0.000000e+00 0.000000e+00 0.000000e+00 0.000000e+00 0.000000e+00 0.000000e+00 0.000000e+00
9.2682926829268297e-01
38
0
10 14
1.136829e+00 -8.752346e-02 -6.659889e+01 -5.507634e-02 1.131485e+00 4.935755e+01 -7.914351e-04 4.450289e-04 1.000000e+00
0.000000e+00 0.000000e+00 0.000000e+00 0.000000e+00 0.000000e+00 0.000000e+00 0.000000e+00 0.000000e+00 0.000000e+00
6.8181818181818177e-01
15
0
10 26
1.163955e+00 -2.037396e-01 -8.766111e+01 1.883588e-02 1.058525e+00 -4.660673e+01 -1.323989e-03 8.935377e-04 1.000000e+00
0.000000e+00 0.000000e+00 0.000000e+00 0.000000e+00 0.000000e+00 0.000000e+00 0.000000e+00 0.000000e+00 0.000000e+00
5.0000000000000000e-01
13
0
11 0
1.296050e+00 4.113281e-02 -1.188609e+02 -4.794288e-01 1.013140e+00 -1.389301e+02 -3.154109e-03 -2.334201e-04 1.312975e+00
0.000000e+00 0.000000e+00 0.000000e+00 0.000000e+00 0.000000e+00 0.000000e+00 0.000000e+00 0.000000e+00 0.000000e+00
0.0000000000000000e+00
0
0
11 6
7.798893e-01 3.526532e-02 2.457858e-01 -4.270738e-02 7.596319e-01 -5.567111e+01 -3.764453e-04 1.952187e-05 9.972106e-01
0.000000e+00 0.000000e+00 0.000000e+00 0.000000e+00 0.000000e+00 0.000000e+00 0.000000e+00 0.000000e+00 0.000000e+00
0.0000000000000000e+00
0
0
11 12
1.090204e+00 -2.287556e-02 -6.061024e+01 -7.510180e-01 9.387866e-01 -1.138747e+01 -3.982840e-03 3.545972e-04 1.000000e+00
0.000000e+00 0.000000e+00 0.000000e+00 0.000000e+00 0.000000e+00 0.000000e+00 0.000000e+00 0.000000e+00 0.000000e+00
6.1111111111111116e-01
11
0
11 13
9.924916e-01 -3.609256e-02 -1.577937e+01 -7.046862e-02 9.934518e-01 -9.370762e+01 -2.942716e-04 1.436961e-04 1.000000e+00
0.000000e+00 0.000000e+00 0.000000e+00 0.000000e+00 0.000000e+00 0.000000e+00 0.000000e+00 0.000000e+00 0.000000e+00
8.2608695652173914e-01
57
0
11 19
8.612246e-01 6.296565e-02 -7.040352e+01 -1.113222e-01 8.634824e-01 1.754204e+01 -1.333995e-04 -6.329388e-05 1.000000e+00
0.000000e+00 0.000000e+00 0.000000e+00 0.000000e+00 0.000000e+00 0.000000e+00 0.000000e+00 0.000000e+00 0.000000e+00
9.4117647058823528e-01
16
0
11 25
9.813064e-01 -5.621211e-02 -7.151005e+01 -4.734368e-03 1.029447e+00 -1.169985e+02 -5.278362e-05 1.889647e-04 1.000000e+00
0.000000e+00 0.000000e+00 0.000000e+00 0.000000e+00 0.000000e+00 0.000000e+00 0.000000e+00 0.000000e+00 0.000000e+00
9.1666666666666663e-01
55
0
12 0
8.894770e-01 9.037201e-02 -4.608926e+01 -3.228287e-02 8.181683e-01 -8.900423e+01 3.128574e-04 2.824701e-04 9.561168e-01
0.000000e+00 0.000000e+00 0.000000e+00 0.000000e+00 0.000000e+00 0.000000e+00 0.000000e+00 0.000000e+00 0.000000e+00
0.0000000000000000e+00
0
0
12 1
8.573174e-01 6.181498e-03 -8.604930e+01 -2.206223e-01 7.955945e-01 -1.281671e+01 -6.064985e-04 -2.712754e-04 1.072580e+00
0.000000e+00 0.000000e+00 0.000000e+00 0.000000e+00 0.000000e+00 0.000000e+00 0.000000e+00 0.000000e+00 0.000000e+00
0.0000000000000000e+00
0
0
12 7
7.283668e-01 2.927752e-02 3.257057e+01 -3.654674e-02 7.189334e-01 2.107044e+01 7.994408e-05 1.389650e-05 1.003912e+00
0.000000e+00 0.000000e+00 0.000000e+00 0.000000e+00 0.000000e+00 0.000000e+00 0.000000e+00 0.000000e+00 0.000000e+00
0.0000000000000000e+00
0
0
12 11
1.179754e+00 1.730968e-03 7.152488e+01 9.964988e-01 1.062105e+00 7.249272e+01 4.345415e-03 -3.697252e-04 1.259166e+00
0.000000e+00 0.000000e+00 0.000000e+00 0.000000e+00 0.000000e+00 0.000000e+00 0.000000e+00 0.000000e+00 0.000000e+00
0.0000000000000000e+00
0
0
12 13
8.476104e-01 1.383177e-01 7.184873e+00 1.702306e-01 1.021935e+00 -5.698857e+01 5.401682e-04 3.315651e-04 1.000000e+00
0.000000e+00 0.000000e+00 0.000000e+00 0.000000e+00 0.000000e+00 0.000000e+00 0.000000e+00 0.000000e+00 0.000000e+00
8.6666666666666670e-01
26
0
12 18
8.367353e-01 1.331604e-02 -7.358604e+01 -5.963079e-02 8.526139e-01 -1.633604e+01 -1.525289e-04 1.113471e-04 1.000000e+00
0.000000e+00 0.000000e+00 0.000000e+00 0.000000e+00 0.000000e+00 0.000000e+00 0.000000e+00 0.000000e+00 0.000000e+00
9.4444444444444442e-01
17
0
12 23
1.546732e+00 -7.182578e-01 -3.703773e+01 -1.904900e-01 1.937365e+00 -3.627778e+02 2.007793e-03 5.793331e-03 1.000000e+00
0.000000e+00 0.000000e+00 0.000000e+00 0.000000e+00 0.000000e+00 0.000000e+00 0.000000e+00 0.000000e+00 0.000000e+00
9.3103448275862066e-01
27
0
12 24
9.000624e-01 -1.396444e-03 -2.563942e+01 -3.672245e-02 9.887147e-01 -3.539952e+01 -1.369611e-04 1.656572e-04 1.000000e+00
0.000000e+00 0.000000e+00 0.000000e+00 0.000000e+00 0.000000e+00 0.000000e+00 0.000000e+00 0.000000e+00 0.000000e+00
9.3333333333333335e-01
56
0
13 0
1.066950e+00 7.901494e-02 -7.287846e+01 -1.881449e-01 7.680896e-01 -3.396307e+01 -6.769993e-04 -1.271308e-03 1.119346e+00
0.000000e+00 0.000000e+00 0.000000e+00 0.000000e+00 0.000000e+00 0.000000e+00 0.000000e+00 0.000000e+00 0.000000e+00
0.0000000000000000e+00
0
0
13 11
1.015688e+00 3.411975e-02 1.922419e+01 9.889809e-02 9.964526e-01 9.493574e+01 2.846767e-04 -1.331459e-04 9.920152e-01
0.000000e+00 0.000000e+00 0.000000e+00 0.000000e+00 0.000000e+00 0.000000e+00 0.000000e+00 0.000000e+00 0.000000e+00
0.0000000000000000e+00
0
0
13 12
1.223277e+00 -1.597634e-01 -1.789378e+01 -2.362496e-01 9.916259e-01 5.820876e+01 -5.824431e-04 -2.424894e-04 9.903657e-01
0.000000e+00 0.000000e+00 0.000000e+00 0.000000e+00 0.000000e+00 0.000000e+00 0.000000e+00 0.000000e+00 0.000000e+00
0.0000000000000000e+00
0
0
13 24
1.858127e+00 -2.946435e-01 -5.716855e+01 3.037811e-01 2.106695e+00 -5.020550e+01 3.469683e-03 3.281484e-03 1.000000e+00
0.000000e+00 0.000000e+00 0.000000e+00 0.000000e+00 0.000000e+00 0.000000e+00 0.000000e+00 0.000000e+00 0.000000e+00
7.2727272727272729e-01
16
0
13 25
9.571225e-01 -1.375484e-02 -5.633990e+01 7.860488e-02 1.029517e+00 -1.855371e+01 3.378498e-04 -1.154385e-05 1.000000e+00
0.000000e+00 0.000000e+00 0.000000e+00 0.000000e+00 0.000000e+00 0.000000e+00 0.000000e+00 0.000000e+00 0.000000e+00
8.5454545454545450e-01
47
0
14 10
9.231183e-01 4.816026e-02 5.910159e+01 1.332283e-02 9.019863e-01 -4.363255e+01 7.246592e-04 -3.632942e-04 1.066193e+00
0.000000e+00 0.000000e+00 0.000000e+00 0.000000e+00 0.000000e+00 0.000000e+00 0.000000e+00 0.000000e+00 0.000000e+00
0.0000000000000000e+00
0
0
14 26
1.034480e+00 -7.093836e-02 -1.390997e+01 2.416442e-02 9.468943e-01 -9.026579e+01 -1.691698e-04 6.499615e-05 1.000000e+00
0.000000e+00 0.000000e+00 0.000000e+00 0.000000e+00 0.000000e+00 0.000000e+00 0.000000e+00 0.000000e+00 0.000000e+00
6.3636363636363635e-01
35
0
16 3
6.986248e-01 -1.467717e-03 -1.464765e+02 -9.538341e-02 6.801880e-01 8.322694e+01 -1.864103e-04 -3.424494e-04 1.007205e+00
0.000000e+00 0.000000e+00 0.000000e+00 0.000000e+00 0.000000e+00 0.000000e+00 0.000000e+00 0.000000e+00 0.000000e+00
0.0000000000000000e+00
0
0
17 8
9.039946e-01 2.781756e-02 4.456890e+01 -9.623841e-02 8.835875e-01 9.997107e+01 -9.634935e-05 -9.899878e-05 9.839066e-01
0.000000e+00 0.000000e+00 0.000000e+00 0.000000e+00 0.000000e+00 0.000000e+00 0.000000e+00 0.000000e+00 0.000000e+00
0.0000000000000000e+00
0
0
18 7
8.843204e-01 1.897289e-02 9.575033e+01 -6.702621e-03 8.525245e-01 3.318934e+01 3.098416e-05 -6.586791e-05 1.000708e+00
0.000000e+00 0.000000e+00 0.000000e+00 0.000000e+00 0.000000e+00 0.000000e+00 0.000000e+00 0.000000e+00 0.000000e+00
0.0000000000000000e+00
0
0
18 12
1.209080e+00 -3.043757e-02 8.847416e+01 8.790751e-02 1.168154e+00 2.555178e+01 1.746313e-04 -1.347132e-04 1.010650e+00
0.000000e+00 0.000000e+00 0.000000e+00 0.000000e+00 0.000000e+00 0.000000e+00 0.000000e+00 0.000000e+00 0.000000e+00
0.0000000000000000e+00
0
0
18 24
1.069525e+00 -1.600456e-02 5.247061e+01 4.407598e-02 1.137172e+00 -1.364824e+01 2.024110e-04 1.664684e-04 1.000000e+00
0.000000e+00 0.000000e+00 0.000000e+00 0.000000e+00 0.000000e+00 0.000000e+00 0.000000e+00 0.000000e+00 0.000000e+00
9.4117647058823528e-01
16
0
19 6
9.144704e-01 -2.393264e-02 6.458521e+01 4.858480e-02 8.421194e-01 -6.242855e+01 -3.043535e-04 1.462435e-04 9.677067e-01
0.000000e+00 0.000000e+00 0.000000e+00 0.000000e+00 0.000000e+00 0.000000e+00 0.000000e+00 0.000000e+00 0.000000e+00
0.0000000000000000e+00
0
0
19 11
1.163863e+00 -7.876201e-02 8.332167e+01 1.467051e-01 1.146686e+00 -9.786656e+00 1.645442e-04 6.207139e-05 1.010496e+00
0.000000e+00 0.000000e+00 0.000000e+00 0.000000e+00 0.000000e+00 0.000000e+00 0.000000e+00 0.000000e+00 0.000000e+00
0.0000000000000000e+00
0
0
19 25
1.121985e+00 -1.459064e-01 9.121142e+00 8.724583e-02 1.125811e+00 -1.240868e+02 -5.801010e-05 2.297564e-04 1.000000e+00
0.000000e+00 0.000000e+00 0.000000e+00 0.000000e+00 0.000000e+00 0.000000e+00 0.000000e+00 0.000000e+00 0.000000e+00
8.3333333333333337e-01
15
0
20 5
1.028141e+00 -6.051247e-02 -1.383383e+02 4.183043e-01 6.775042e-01 -7.328717e+01 -1.154135e-03 -1.219169e-04 1.159889e+00
0.000000e+00 0.000000e+00 0.000000e+00 0.000000e+00 0.000000e+00 0.000000e+00 0.000000e+00 0.000000e+00 0.000000e+00
0.0000000000000000e+00
0
0
20 21
0.000000e+00 0.000000e+00 0.000000e+00 0.000000e+00 0.000000e+00 0.000000e+00 0.000000e+00 0.000000e+00 0.000000e+00
0.000000e+00 0.000000e+00 0.000000e+00 0.000000e+00 0.000000e+00 0.000000e+00 0.000000e+00 0.000000e+00 0.000000e+00
0.0000000000000000e+00
0
0
21 4
7.575466e-01 -1.289788e-02 5.766105e+01 -7.531303e-02 7.350402e-01 4.257640e+01 -3.538478e-04 -1.573690e-04 9.623092e-01
0.000000e+00 0.000000e+00 0.000000e+00 0.000000e+00 0.000000e+00 0.000000e+00 0.000000e+00 0.000000e+00 0.000000e+00
0.0000000000000000e+00
0
0
21 20
0.000000e+00 0.000000e+00 0.000000e+00 0.000000e+00 0.000000e+00 0.000000e+00 0.000000e+00 0.000000e+00 0.000000e+00
0.000000e+00 0.000000e+00 0.000000e+00 0.000000e+00 0.000000e+00 0.000000e+00 0.000000e+00 0.000000e+00 0.000000e+00
0.0000000000000000e+00
0
0
22 2
7.104492e-01 5.888319e-04 -9.667399e+01 7.447519e-02 6.606432e-01 6.691150e+01 3.889688e-04 1.989200e-06 9.472657e-01
0.000000e+00 0.000000e+00 0.000000e+00 0.000000e+00 0.000000e+00 0.000000e+00 0.000000e+00 0.000000e+00 0.000000e+00
0.0000000000000000e+00
0
0
23 0
1.242875e+00 8.546003e-02 7.758870e+01 1.518952e-01 1.066724e+00 7.675981e+01 5.657581e-04 6.345888e-04 1.073259e+00
0.000000e+00 0.000000e+00 0.000000e+00 0.000000e+00 0.000000e+00 0.000000e+00 0.000000e+00 0.000000e+00 0.000000e+00
0.0000000000000000e+00
0
0
23 1
9.829316e-01 1.877765e-01 5.105908e+00 -3.913533e-02 7.338180e-01 1.189988e+02 2.991780e-04 -4.068278e-04 9.269446e-01
0.000000e+00 0.000000e+00 0.000000e+00 0.000000e+00 0.000000e+00 0.000000e+00 0.000000e+00 0.000000e+00 0.000000e+00
0.0000000000000000e+00
0
0
23 2
8.338127e-01 4.444410e-02 -2.395710e+00 -2.686388e-01 6.976659e-01 1.321556e+02 -5.489368e-04 -6.234460e-04 8.919311e-01
0.000000e+00 0.000000e+00 0.000000e+00 0.000000e+00 0.000000e+00 0.000000e+00 0.000000e+00 0.000000e+00 0.000000e+00
0.0000000000000000e+00
0
0
23 12
5.923563e-01 7.386911e-02 4.873761e+01 -7.888579e-02 2.377452e-01 8.332692e+01 -7.323174e-04 -1.525651e-03 4.194045e-01
0.000000e+00 0.000000e+00 0.000000e+00 0.000000e+00 0.000000e+00 0.000000e+00 0.000000e+00 0.000000e+00 0.000000e+00
0.0000000000000000e+00
0
0
23 24
1.132081e+00 2.188089e-01 6.973636e+01 1.920889e-01 1.051917e+00 1.569163e+02 6.541502e-04 4.221899e-04 1.000000e+00
0.000000e+00 0.000000e+00 0.000000e+00 0.000000e+00 0.000000e+00 0.000000e+00 0.000000e+00 0.000000e+00 0.000000e+00
7.5000000000000000e-01
21
0
24 0
9.892502e-01 1.104992e-01 -1.922401e+01 5.072349e-03 7.618982e-01 -5.149350e+01 5.216556e-04 -2.573883e-04 1.011172e+00
0.000000e+00 0.000000e+00 0.000000e+00 0.000000e+00 0.000000e+00 0.000000e+00 0.000000e+00 0.000000e+00 0.000000e+00
0.0000000000000000e+00
0
0
24 1
9.564593e-01 -4.707306e-02 -5.049367e+01 -1.706882e-01 7.714974e-01 1.310763e+01 -3.279788e-04 -3.194269e-04 1.015513e+00
0.000000e+00 0.000000e+00 0.000000e+00 0.000000e+00 0.000000e+00 0.000000e+00 0.000000e+00 0.000000e+00 0.000000e+00
0.0000000000000000e+00
0
0
24 12
1.115238e+00 -3.196773e-03 2.848088e+01 4.661402e-02 1.005317e+00 3.678289e+01 1.450222e-04 -1.669758e-04 9.978074e-01
0.000000e+00 0.000000e+00 0.000000e+00 0.000000e+00 0.000000e+00 0.000000e+00 0.000000e+00 0.000000e+00 0.000000e+00
0.0000000000000000e+00
0
0
24 13
4.809983e-01 2.266789e-02 2.863603e+01 -1.012161e-01 4.354787e-01 1.607704e+01 -1.336773e-03 -1.507667e-03 8.478855e-01
0.000000e+00 0.000000e+00 0.000000e+00 0.000000e+00 0.000000e+00 0.000000e+00 0.000000e+00 0.000000e+00 0.000000e+00
0.0000000000000000e+00
0
0
24 18
9.434663e-01 2.048425e-02 -4.922468e+01 -3.878256e-02 8.767786e-01 1.400143e+01 -1.845119e-04 -1.501022e-04 1.007633e+00
0.000000e+00 0.000000e+00 0.000000e+00 0.000000e+00 0.000000e+00 0.000000e+00 0.000000e+00 0.000000e+00 0.000000e+00
0.0000000000000000e+00
0
0
24 23
9.352090e-01 -1.796726e-01 -3.702452e+01 -8.486325e-02 1.030844e+00 -1.558381e+02 -5.759387e-04 -3.176789e-04 1.090013e+00
0.000000e+00 0.000000e+00 0.000000e+00 0.000000e+00 0.000000e+00 0.000000e+00 0.000000e+00 0.000000e+00 0.000000e+00
0.0000000000000000e+00
0
0
25 11
1.023448e+00 4.155792e-02 7.804906e+01 1.061836e-02 9.514035e-01 1.120721e+02 5.201481e-05 -1.775881e-04 9.829420e-01
0.000000e+00 0.000000e+00 0.000000e+00 0.000000e+00 0.000000e+00 0.000000e+00 0.000000e+00 0.000000e+00 0.000000e+00
0.0000000000000000e+00
0
0
25 13
1.023180e+00 1.431954e-02 5.791156e+01 -8.436841e-02 9.703506e-01 1.325029e+01 -3.466552e-04 6.363732e-06 9.805876e-01
0.000000e+00 0.000000e+00 0.000000e+00 0.000000e+00 0.000000e+00 0.000000e+00 0.000000e+00 0.000000e+00 0.000000e+00
0.0000000000000000e+00
0
0
25 19
8.827862e-01 1.131871e-01 5.992999e+00 -6.121773e-02 8.584616e-01 1.070821e+02 6.527568e-05 -1.906710e-04 9.757449e-01
0.000000e+00 0.000000e+00 0.000000e+00 0.000000e+00 0.000000e+00 0.000000e+00 0.000000e+00 0.000000e+00 0.000000e+00
0.0000000000000000e+00
0
0
25 26
0.000000e+00 0.000000e+00 0.000000e+00 0.000000e+00 0.000000e+00 0.000000e+00 0.000000e+00 0.000000e+00 0.000000e+00
0.000000e+00 0.000000e+00 0.000000e+00 0.000000e+00 0.000000e+00 0.000000e+00 0.000000e+00 0.000000e+00 0.000000e+00
0.0000000000000000e+00
0
0
26 10
9.587674e-01 1.092922e-01 8.914037e+01 3.736081e-02 9.132092e-01 4.583678e+01 1.236014e-03 -6.712851e-04 1.077064e+00
0.000000e+00 0.000000e+00 0.000000e+00 0.000000e+00 0.000000e+00 0.000000e+00 0.000000e+00 0.000000e+00 0.000000e+00
0.0000000000000000e+00
0
0
26 14
9.682599e-01 7.117351e-02 1.989300e+01 -9.038856e-03 1.048916e+00 9.455555e+01 1.643878e-04 -5.613512e-05 9.972195e-01
0.000000e+00 0.000000e+00 0.000000e+00 0.000000e+00 0.000000e+00 0.000000e+00 0.000000e+00 0.000000e+00 0.000000e+00
0.0000000000000000e+00
0
0
26 25
0.000000e+00 0.000000e+00 0.000000e+00 0.000000e+00 0.000000e+00 0.000000e+00 0.000000e+00 0.000000e+00 0.000000e+00
0.000000e+00 0.000000e+00 0.000000e+00 0.000000e+00 0.000000e+00 0.000000e+00 0.000000e+00 0.000000e+00 0.000000e+00
0.0000000000000000e+00
0
0
514
2 0 1 1 1
2 0 2 1 0
2 0 7 1 5
2 0 8 1 6
4 0 9 1 11 12 9 24 9
7 0 13 1 15 12 13 23 17 24 14 7 25 18 24
7 0 14 12 11 1 18 2 24 24 13 18 25 23 18
5 0 16 12 15 1 19 7 29 18 38
3 0 19 12 20 24 29
3 0 20 12 21 24 30
5 0 22 12 24 24 21 7 34 18 34
4 0 23 12 16 7 28 18 37
4 0 24 11 97 6 85 19 80
4 0 35 1 24 12 23 23 31
5 0 37 12 33 1 42 24 46 23 76
3 0 38 1 43 12 34
3 0 39 12 25 24 34
8 0 42 12 28 13 41 18 51 24 36 11 39 25 71 7 39
5 0 45 12 39 7 65 24 38 18 64
2 0 46 24 37
9 0 49 12 30 24 41 7 50 11 53 13 42 19 47 25 87 6 63
9 0 50 12 31 24 42 1 36 7 51 13 61 23 40 2 46 22 39
11 0 51 12 29 13 35 24 40 1 37 7 53 18 53 11 26 25 72 6 54 19 36
3 0 52 12 32 24 32
4 0 54 12 36 24 47 7 43
2 0 55 12 42
2 0 57 12 70
2 0 59 1 206
4 0 65 24 63 12 41 18 81
7 0 66 11 40 12 49 24 64 1 60 23 106 2 94
4 0 68 13 63 24 69 1 63
2 0 69 1 64
3 0 70 24 84 12 56
4 0 74 12 69 18 116 7 96
7 0 83 24 81 18 83 23 69 7 81 2 79 22 89
11 0 91 11 71 12 64 13 72 24 99 25 117 1 75 23 146 26 124 14 128 10 103
2 0 98 12 81
4 0 107 11 86 6 120 13 81
5 0 109 12 74 13 100 25 138 11 73
2 0 111 12 77
2 0 113 12 98
2 0 115 12 136
4 0 121 12 89 13 98 24 129
10 0 123 11 107 12 91 13 119 6 106 19 90 25 161 18 143 24 112 7 106
6 0 124 12 113 13 144 1 128 23 271 25 190
8 0 125 1 134 11 132 12 116 13 146 24 132 23 273 25 192
5 0 126 12 117 24 133 1 135 23 274
10 0 128 1 118 11 136 12 128 13 151 23 278 24 134 2 141 25 194 22 229
9 0 129 1 119 12 129 23 279 2 142 24 135 13 152 11 137 25 195
9 0 130 1 142 11 134 12 126 13 148 23 282 24 136 2 143 25 193
6 0 131 1 143 12 127 23 283 24 137 2 144
5 0 132 1 144 12 125 23 284 24 138
2 0 134 12 92
2 0 135 1 120
2 0 136 23 285
7 0 137 11 138 12 133 23 289 13 153 25 196 1 152
2 0 142 13 136
7 0 144 1 169 12 143 24 154 11 159 13 176 25 222
6 0 145 1 170 12 144 23 342 2 180 22 267
7 0 146 12 141 1 174 23 345 24 155 13 139 11 124
6 0 148 12 110 13 188 24 157 23 270 11 131
4 0 152 1 131 12 111 24 158
2 0 153 1 132
4 0 154 1 136 12 108 24 160
8 0 156 11 163 12 149 13 179 23 355 24 162 25 225 2 157
2 0 157 24 197
10 0 160 1 176 11 165 12 152 13 184 23 356 24 165 25 230 2 190 22 277
4 0 161 1 138 23 358 24 167
6 0 162 12 120 13 191 23 275 11 173 25 237
4 0 163 13 190 11 172 25 236
7 0 164 1 139 12 118 24 168 13 143 23 277 25 189
9 0 165 1 140 11 135 12 123 13 149 23 280 24 169 2 161 22 250
8 0 166 24 170 1 141 12 124 13 150 23 281 2 162 22 251
2 0 167 1 177
8 0 169 1 179 12 155 13 193 23 362 11 174 25 242 2 165
2 0 170 1 181
2 0 171 12 157
8 0 172 1 146 11 139 12 135 13 157 23 286 2 166 25 197
3 0 174 1 147 12 134
5 0 175 12 130 13 154 23 287 1 149
6 0 176 1 150 12 131 13 155 23 288 25 241
2 0 181 1 165
7 0 184 1 194 11 156 13 172 24 193 23 432 25 220
8 0 185 1 195 11 157 13 173 23 433 24 194 2 189 25 221
6 0 188 1 171 12 150 13 189 23 350 24 163
5 0 190 1 182 11 182 13 195 23 437
3 0 191 11 183 23 438
4 0 198 23 337 24 234 1 189
2 0 199 24 235
7 0 201 1 212 12 168 13 214 23 513 24 209 11 180
5 0 202 12 177 24 210 1 193 23 423
4 0 203 1 214 24 212 12 178
2 0 204 12 169
2 0 220 1 215
2 0 239 13 241
3 1 10 23 13 24 8
3 1 26 23 34 2 50
2 1 27 23 35
2 1 39 23 42
3 1 51 23 68 24 62
2 1 58 2 89
2 1 59 2 78
3 1 61 12 52 24 66
3 1 70 24 88 12 62
2 1 72 23 102
3 1 76 23 148 2 125
2 1 90 2 102
4 1 97 2 129 23 227 22 201
3 1 100 12 80 24 115
2 1 107 2 103
2 1 108 2 104
3 1 109 2 134 24 118
2 1 114 23 191
3 1 133 12 106 24 153
3 1 137 12 109 24 161
2 1 145 12 154
3 1 151 2 168 12 132
4 1 164 12 146 11 179 13 211
2 1 166 23 341
2 1 172 2 182
7 1 180 2 164 12 156 23 363 11 175 13 194 25 243
2 1 217 23 516
2 2 18 22 13
2 2 35 22 27
2 2 36 22 44
2 2 43 23 39
2 2 44 22 36
2 2 45 22 37
3 2 47 22 40 23 41
2 2 51 22 75
2 2 67 22 69
2 2 75 22 66
2 2 88 22 155
2 2 97 22 179
2 2 116 22 235
3 2 117 22 236 23 150
2 2 122 22 198
3 2 124 22 200 23 223
2 2 128 23 226
2 2 132 22 207
2 2 145 22 232
2 2 155 23 349
2 2 158 22 248
2 2 159 22 249
3 2 178 23 340 24 192
2 2 212 22 261
2 3 5 16 3
2 3 6 16 2
2 3 48 16 49
2 3 63 16 78
2 3 64 16 104
2 3 65 16 70
2 3 86 16 77
2 3 90 16 103
2 3 106 16 212
2 3 107 16 142
2 3 113 16 218
2 3 131 16 217
2 3 143 16 303
2 3 144 16 180
2 3 151 16 252
2 3 152 16 210
2 3 159 16 216
2 3 174 16 344
2 4 3 21 2
2 4 9 21 16
2 4 28 21 22
2 4 37 21 30
2 4 38 21 31
2 4 44 21 55
2 4 74 21 102
2 4 75 21 103
2 4 82 21 136
2 4 83 21 141
3 4 89 21 134 20 78
2 4 90 21 174
2 4 91 21 197
2 4 92 21 182
3 4 94 21 183 20 158
2 4 96 21 208
2 4 115 21 198
2 4 121 21 240
2 4 141 21 252
2 4 142 21 251
2 4 171 21 262
2 4 173 21 220
2 4 185 21 273
2 5 24 20 11
2 5 38 20 19
2 5 58 20 40
2 5 72 20 39
2 5 84 20 60
2 5 85 20 61
2 5 90 20 64
2 5 101 20 108
2 5 122 20 136
2 5 125 20 140
2 5 128 20 156
2 5 136 20 193
2 5 137 20 194
2 5 145 20 151
2 5 146 20 152
3 5 164 20 197 21 233
2 5 182 20 218
2 5 189 20 183
2 5 203 20 255
3 6 1 19 1 25 1
3 6 2 19 2 25 2
5 6 4 11 4 12 7 7 9 13 13
4 6 5 11 5 12 8 7 10
2 6 6 19 6
2 6 12 19 12
5 6 19 19 16 11 11 13 16 25 15
5 6 24 11 10 19 15 13 15 25 14
4 6 32 19 20 11 14 13 28
5 6 41 11 28 13 37 19 25 25 54
5 6 42 11 42 19 26 13 45 25 55
4 6 43 11 43 19 27 25 56
4 6 45 11 30 19 29 25 43
4 6 55 11 27 19 37 13 36
2 6 65 19 52
2 6 67 19 53
3 6 70 11 61 13 71
2 6 72 19 59
5 6 76 11 62 19 60 13 73 25 119
2 6 79 19 67
4 6 83 11 72 19 64 13 99
5 6 84 11 75 13 85 19 66 25 118
4 6 92 11 89 19 85 25 160
5 6 93 11 91 19 86 13 118 25 137
3 6 94 11 76 25 139
2 6 95 19 78
3 6 99 11 78 13 75
2 6 108 19 87
2 6 113 19 95
2 6 114 19 96
3 6 121 11 87 13 82
2 6 164 11 203
2 6 169 19 128
2 7 2 18 1
2 7 6 12 3
2 7 16 18 16
2 7 19 18 17
2 7 21 18 19
2 7 23 18 46
2 7 32 18 41
2 7 33 18 42
3 7 35 18 35 24 22
2 7 36 18 36
4 7 42 12 22 18 43 24 33
2 7 54 18 54
2 7 55 18 69
2 7 64 18 79
4 7 66 12 40 18 66 24 39
3 7 68 18 65 24 60
4 7 71 12 51 18 106 24 65
2 7 72 18 70
2 7 74 18 110
2 7 75 18 86
2 7 76 12 60
4 7 79 18 80 12 46 24 58
3 7 80 12 48 18 82
2 7 83 18 84
2 7 90 18 104
3 7 94 12 76 18 114
4 7 97 18 117 12 83 24 174
4 7 105 12 88 18 140 24 111
2 7 107 18 144
2 7 109 18 146
3 7 113 12 95 18 148
3 7 114 18 149 12 96
3 7 115 12 99 18 151
2 7 126 18 171
2 7 127 18 172
2 7 130 12 122
2 7 138 18 176
2 7 139 18 177
2 7 151 18 221
2 7 162 18 202
2 7 169 18 191
2 7 171 18 193
2 8 11 17 17
2 8 13 17 19
2 8 14 17 20
2 8 17 17 16
2 8 18 17 15
2 8 19 17 37
2 8 21 17 39
2 8 39 17 58
2 8 44 17 98
2 8 45 17 56
2 8 47 17 75
2 8 50 17 94
2 8 52 17 71
2 8 53 17 96
2 8 54 17 97
2 8 58 17 72
2 8 59 17 185
2 8 67 17 121
2 8 68 17 123
2 8 70 17 125
2 8 71 17 100
2 8 88 17 118
2 8 89 17 174
2 8 90 17 119
2 8 92 17 177
2 8 93 17 179
2 8 97 17 182
2 8 98 17 183
2 8 99 17 184
2 8 101 17 131
2 8 116 17 175
2 8 117 17 176
2 8 120 17 180
2 8 122 17 213
2 8 138 17 248
2 8 139 17 251
2 8 141 17 297
2 8 142 17 299
2 8 160 17 334
2 8 161 17 335
2 8 163 17 249
3 10 2 14 5 26 3
3 10 3 14 6 26 4
3 10 9 26 13 14 14
3 10 28 14 56 26 53
3 10 29 14 59 26 54
3 10 30 14 71 26 56
2 10 31 14 72
3 10 56 26 60 14 65
2 10 58 26 94
2 10 59 26 86
3 10 61 14 91 26 103
3 10 69 14 133 26 105
3 10 82 14 87 26 83
3 10 86 14 131 26 128
3 10 88 26 155 14 194
2 10 92 14 148
3 10 94 14 114 26 111
2 10 100 26 144
3 10 104 26 152 14 130
2 10 110 26 160
2 10 122 26 169
2 10 130 26 148
3 10 132 14 156 26 149
3 10 134 14 158 26 153
3 10 135 14 159 26 154
3 10 156 26 301 14 207
2 10 162 26 231
3 10 167 14 155 26 147
3 10 171 14 196 26 177
3 10 172 14 197 26 178
3 10 173 14 195 26 208
2 10 208 26 246
2 10 214 14 228
2 10 323 14 298
2 11 3 12 4
3 11 8 13 10 25 8
2 11 15 25 42
3 11 19 13 26 25 41
2 11 20 25 53
2 11 22 13 39
2 11 25 13 32
4 11 38 13 31 25 70 24 31
3 11 41 13 44 25 52
2 11 44 19 38
3 11 45 13 74 25 105
2 11 46 25 90
2 11 48 13 51
3 11 50 25 108 13 89
2 11 51 25 83
3 11 54 19 50 25 88
3 11 57 25 109 13 77
3 11 60 13 70 25 101
4 11 77 13 106 25 142 19 81
4 11 88 13 83 25 136 19 88
3 11 93 13 104 25 140
2 11 94 25 141
2 11 95 25 163
2 11 96 25 165
2 11 100 19 97
2 11 101 13 125
2 11 105 13 117
2 11 106 25 157
2 11 115 13 128
2 11 116 25 146
2 11 117 13 166
2 11 119 25 156
2 11 120 13 134
3 11 122 25 187 13 137
3 11 123 25 188 13 138
3 11 125 13 140 25 186
3 11 130 13 142 12 115
2 11 140 19 107
3 11 141 13 160 25 245
2 11 145 13 200
2 11 151 13 203
2 11 152 13 126
2 11 155 13 171
3 11 160 13 178 25 223
3 11 162 13 180 25 224
2 11 164 12 145
2 11 167 25 234
2 11 169 13 183
3 11 171 12 151 13 187
2 11 178 25 273
2 11 184 25 346
2 11 185 25 347
2 11 196 13 208
2 12 43 23 112
4 12 50 18 67 23 70 24 82
3 12 55 24 68 23 73
2 12 67 18 122
3 12 71 13 66 24 89
2 12 73 24 96
2 12 78 24 83
2 12 85 18 123
2 12 90 24 130
2 12 93 24 140
2 12 97 24 175
3 12 105 23 348 24 152
2 12 107 24 156
2 12 112 24 159
3 12 114 13 145 25 191
2 12 121 23 276
2 12 140 24 127
2 12 142 13 175
3 12 148 23 344 24 196
2 12 159 13 199
2 13 47 25 57
2 13 59 25 65
2 13 67 25 97
2 13 68 25 98
2 13 76 25 107
2 13 93 24 77
2 13 94 24 76
2 13 95 25 133
2 13 96 25 134
2 13 107 25 167
2 13 141 25 162
2 13 212 25 276
2 14 7 26 7
2 14 11 26 12
2 14 23 26 25
2 14 29 26 30
2 14 43 26 38
2 14 55 26 52
2 14 57 26 64
2 14 60 26 55
2 14 61 26 58
2 14 66 26 63
2 14 67 26 87
2 14 68 26 66
2 14 70 26 67
2 14 73 26 69
2 14 80 26 61
2 14 88 26 84
2 14 89 26 85
2 14 92 26 88
2 14 94 26 89
2 14 95 26 91
2 14 108 26 90
3 14 120 26 145 25 110
2 14 124 26 121
2 14 125 26 122
2 14 129 26 151
2 14 134 26 130
2 14 138 26 134
2 14 154 26 146
2 14 192 26 174
2 14 210 26 201
3 14 213 26 203 25 181
2 14 240 26 238
2 14 282 26 360
3 14 284 26 271 25 319
2 14 294 26 303
2 18 26 24 15
2 18 173 24 128
2 18 288 24 213
2 19 5 25 3
2 19 46 25 85
2 19 63 25 116
2 19 70 25 106
2 20 3 21 6
2 20 12 21 35
2 20 28 21 39
2 20 33 21 48
2 20 34 21 49
2 20 36 21 51
2 20 42 21 67
2 20 43 21 71
2 20 44 21 72
2 20 71 21 162
2 20 91 21 115
2 20 130 21 168
2 20 231 21 269
2 23 29 24 25
2 23 232 24 143
2 23 343 24 195
2 23 424 24 190
2 25 25 26 29
2 25 35 26 41
2 25 51 26 51
2 25 58 26 71
2 25 63 26 50
2 25 77 26 96
2 25 145 26 200
2 25 173 26 227
2 25 177 26 204
2 25 206 26 233
2 25 255 26 259
2 25 295 26 358
2 25 314 26 357
2 25 350 26 240
