
1 1 2 0 7 5 8 6 9 11 13 15 35 24 38 43 59 206 66 60 69 64 91 75 105 90 125 134 128 118 129 119 130 142 131 143 132 144 135 120 144 169 145 170 152 131 153 132 154 136 160 176 161 138 164 139 165 140 167 177 169 179 170 181 172 146 174 147 176 150 181 165 184 194 185 195 188 171 190 182 201 212 203 214 220 215 
7 9 9 20 16 29 24 37 41 76 46 113 49 50 50 51 51 53 64 68 75 97 87 99 96 109 118 119 141 129 209 190 
11 108 24 97 66 40 91 71 107 86 123 107 125 132 128 136 130 134 137 138 156 163 160 165 165 135 172 139 184 156 185 157 190 182 191 183 215 78 234 203 240 195 
0 0 1 2 2 1 9 9 13 13 14 11 16 15 19 20 20 21 22 24 23 16 35 23 37 33 38 34 39 25 41 60 42 28 45 39 49 30 50 31 51 29 52 32 54 36 55 42 57 70 63 45 66 49 74 69 87 62 91 64 98 81 109 74 111 77 113 98 115 136 120 104 121 89 123 91 124 113 125 116 126 117 128 128 129 129 130 126 131 127 132 125 134 92 137 133 145 144 146 141 148 110 152 111 154 108 156 149 160 152 162 120 164 118 165 123 169 155 171 157 172 135 174 134 175 130 176 131 177 183 188 150 201 168 202 177 204 169 207 171 
51 35 60 58 68 63 77 66 91 72 109 100 121 98 123 119 124 144 125 146 128 151 130 148 142 136 148 188 156 179 160 184 162 191 163 190 165 149 169 193 172 157 175 154 176 155 184 172 185 173 188 189 190 195 201 214 239 241 
128 278 129 279 130 282 131 283 136 285 137 289 145 342 156 355 160 356 161 358 165 280 169 362 172 286 175 287 185 433 188 350 190 437 191 438 198 337 201 513 238 506 
9 9 19 29 22 21 46 37 49 41 50 42 51 40 54 47 64 60 65 63 66 64 68 69 70 84 75 174 77 89 83 81 87 88 91 99 125 132 126 133 128 134 130 136 131 137 148 157 152 158 154 160 156 162 157 197 160 165 161 167 164 168 165 169 166 170 184 193 185 194 188 163 198 234 199 235 201 209 202 210 203 212 210 213 214 218 231 211 
49 87 77 96 91 117 109 138 111 161 120 200 124 190 125 192 128 194 129 195 156 225 160 230 161 235 162 237 172 197 176 241 185 221 196 109 


18 24 58 89 59 78 90 102 94 136 97 129 107 103 108 104 109 134 118 141 119 142 140 161 141 162 142 143 143 144 146 166 151 168 172 182 180 164 195 189 
0 1 1 2 11 9 15 13 18 11 19 15 24 23 36 31 37 29 42 33 60 49 61 52 70 62 75 64 100 80 118 128 119 129 128 113 131 111 133 106 135 117 136 108 137 109 139 118 140 123 141 124 142 126 143 127 144 125 145 154 146 135 147 134 149 130 150 131 151 132 152 133 164 146 169 143 171 150 174 141 176 152 179 155 180 156 193 177 197 171 213 193 214 178 237 59 
49 40 57 224 75 72 118 151 128 144 140 149 142 148 150 155 152 153 171 189 176 184 179 193 180 194 182 195 195 173 206 228 
10 13 15 17 24 31 26 34 27 35 36 40 39 42 42 76 51 68 60 106 72 102 75 146 76 148 92 510 95 11 97 227 114 191 118 278 119 279 128 271 134 273 135 274 138 358 140 280 141 281 142 282 143 283 144 284 146 286 150 288 152 289 166 341 171 350 174 345 176 356 179 362 180 363 182 437 189 337 193 423 194 432 195 433 212 513 217 516 
10 8 15 14 18 13 36 42 37 40 42 46 49 74 51 62 60 64 63 69 70 88 75 99 109 118 118 134 119 135 131 158 135 133 136 160 137 161 138 167 139 168 140 169 141 170 144 138 169 154 171 163 176 165 193 210 194 193 195 194 212 209 214 212 



1 3 10 11 17 19 36 46 44 42 45 43 46 53 54 60 68 68 75 89 78 92 83 100 90 93 110 124 112 141 121 91 122 160 198 181 214 213 
18 13 35 27 36 44 44 36 45 37 46 39 47 40 51 75 65 67 66 68 67 69 68 117 75 66 79 89 88 155 97 179 103 302 116 235 117 236 122 198 124 200 127 174 129 201 132 207 141 229 145 232 158 248 159 249 161 250 162 251 180 267 183 265 190 277 207 289 212 261 237 95 
43 39 46 40 47 41 50 34 79 69 94 106 117 150 124 223 125 148 128 226 141 278 142 279 143 282 144 283 152 417 155 349 157 355 161 280 162 281 164 363 165 362 166 286 178 340 180 342 189 433 190 356 




5 3 6 2 48 49 63 78 64 104 65 70 86 77 90 103 106 212 107 142 113 218 131 217 133 184 143 303 144 180 151 252 152 210 159 216 172 343 174 344 





0 3 1 0 3 2 9 16 15 23 21 15 22 80 28 22 37 30 38 31 44 55 58 81 74 102 75 103 82 136 83 141 89 134 90 174 91 197 92 182 94 183 96 208 103 216 105 209 115 198 121 240 127 233 135 246 141 252 142 251 149 244 171 262 173 220 179 269 185 273 






5 2 58 30 62 31 71 60 75 41 77 69 89 67 90 105 101 84 102 85 103 104 114 86 125 134 126 135 145 167 147 136 
1 1 9 7 24 11 37 6 38 19 42 20 58 40 72 39 84 60 85 61 90 64 101 108 109 137 122 136 125 140 128 156 136 193 137 194 139 195 141 172 144 78 145 151 146 152 148 158 164 197 177 222 182 218 189 183 194 109 203 255 







4 4 5 5 24 10 41 28 42 42 43 43 45 30 54 26 55 27 63 53 70 61 76 62 83 72 84 75 85 97 91 88 92 89 93 91 94 76 99 78 106 107 120 86 121 87 164 203 168 56 
1 1 2 2 6 6 12 12 19 16 24 15 32 20 42 26 43 27 45 29 54 36 55 37 63 47 65 52 67 53 72 59 76 60 79 67 83 64 88 81 92 85 93 86 95 78 103 82 106 90 108 87 113 95 114 96 117 98 126 107 129 126 142 125 169 128 








2 1 3 2 6 3 7 4 9 7 10 8 25 13 28 16 29 15 32 32 34 24 42 22 43 36 50 30 51 31 53 29 65 39 66 40 71 51 76 60 80 48 94 76 99 62 105 88 113 95 115 99 130 122 139 171 
0 0 2 1 4 3 16 16 19 17 21 19 23 46 28 37 29 38 32 41 33 42 34 34 35 35 36 36 39 51 42 43 53 53 54 54 55 69 64 79 65 64 66 66 68 65 71 106 72 70 74 110 75 86 79 80 80 82 81 83 82 107 83 84 90 104 94 114 96 116 97 117 105 140 106 143 107 144 109 146 113 148 114 149 115 151 126 171 127 172 138 176 139 177 151 221 157 270 162 202 169 191 171 193 187 265 
25 14 27 15 32 32 35 22 39 36 51 42 53 40 55 47 65 38 67 59 68 60 77 173 81 81 97 174 99 88 138 189 160 213 201 259 









3 0 4 1 9 7 11 17 13 19 14 20 17 16 18 15 19 37 21 39 26 43 27 41 39 58 44 98 45 56 47 75 50 94 52 71 53 96 54 97 56 124 58 72 59 185 67 121 68 123 70 125 71 100 88 118 89 174 90 119 92 177 93 179 97 182 98 183 99 184 101 131 110 188 116 175 117 176 120 180 122 213 124 215 132 350 138 248 139 251 141 297 142 299 160 334 161 335 163 249 170 429 186 370 195 339 240 405 260 371 268 316 281 330 291 423 










43 87 48 104 61 49 69 109 83 108 87 223 102 303 131 222 151 213 157 347 197 462 206 345 207 346 237 395 252 444 265 433 273 496 











2 5 3 6 9 14 16 24 28 56 29 59 30 71 31 72 34 77 39 47 40 264 56 65 59 58 61 91 63 68 69 133 79 119 82 87 86 131 87 109 88 194 92 148 94 114 103 128 132 156 134 158 135 159 140 200 167 155 171 196 172 197 173 195 199 210 214 228 261 287 266 247 269 252 282 272 283 266 284 269 290 286 311 297 323 298 
2 1 89 132 90 210 92 136 133 228 137 158 140 297 148 268 157 352 159 286 187 347 206 461 240 387 241 394 242 393 266 431 268 439 269 440 283 482 290 480 292 409 306 459 309 446 323 492 
2 3 3 4 9 13 16 29 17 28 27 52 28 53 29 54 30 56 35 74 37 62 56 60 58 94 59 86 60 87 61 103 69 105 79 118 82 83 86 128 87 106 88 155 94 111 100 144 103 124 104 152 110 160 122 169 130 148 132 149 134 153 135 154 156 301 162 231 167 147 171 177 172 178 173 208 208 246 220 254 233 210 244 294 266 290 317 332 












3 4 4 7 5 8 6 3 39 28 40 49 53 30 71 64 107 91 134 126 135 123 136 128 139 135 159 143 163 149 164 145 165 152 171 151 174 155 175 156 179 146 
3 5 8 10 10 15 11 16 14 28 19 26 22 39 25 32 26 35 27 36 28 37 38 31 39 41 41 44 42 45 45 74 48 51 60 70 61 71 62 73 65 89 71 72 72 99 75 85 77 106 78 75 86 81 87 82 88 83 91 118 93 104 97 105 101 125 105 117 107 119 115 128 117 166 120 134 124 139 125 140 130 142 131 188 132 146 134 148 135 149 136 151 137 152 138 153 139 157 141 160 145 200 151 203 152 126 155 171 156 172 157 173 159 176 160 178 162 180 163 179 165 184 169 183 171 187 172 190 173 191 174 193 175 194 179 211 180 214 182 195 196 208 
3 8 11 16 14 20 26 36 27 37 28 25 30 29 44 38 53 47 54 50 62 60 72 64 75 66 89 85 97 80 98 81 100 97 105 82 107 90 140 107 
8 8 10 14 11 15 15 42 19 41 20 53 22 60 23 47 26 72 28 54 30 43 38 70 39 84 41 52 42 55 45 105 46 90 48 76 50 108 51 83 53 87 54 88 56 107 57 109 60 101 62 119 71 117 73 138 75 118 76 139 77 142 88 136 89 160 91 137 93 140 94 141 95 163 96 165 100 123 106 157 107 161 116 146 119 156 122 187 123 188 125 186 132 192 134 193 136 194 137 195 138 196 139 197 141 245 156 220 157 221 159 222 160 223 162 224 163 225 165 230 167 234 172 236 173 237 174 242 175 243 178 273 184 346 185 347 195 330 













1 2 2 3 6 9 7 13 8 12 28 41 29 35 61 224 64 72 71 66 74 100 89 98 91 119 110 188 113 144 114 145 115 142 116 146 118 143 120 191 123 149 126 148 128 151 130 154 131 155 135 157 142 175 143 176 149 179 150 189 151 187 152 184 155 193 156 194 159 199 168 214 
1 1 15 38 22 43 28 51 29 53 32 41 39 64 40 66 41 52 46 80 47 81 48 82 50 67 51 106 67 122 69 116 83 117 85 123 91 143 96 149 99 151 
2 1 13 17 23 31 43 112 49 106 50 70 95 403 105 348 110 270 113 271 120 275 121 276 123 280 124 281 126 282 127 283 128 278 129 279 130 287 131 288 133 289 135 286 141 345 144 342 148 344 149 355 150 350 152 356 155 362 156 363 177 423 186 337 189 232 
6 6 9 9 13 14 20 29 21 30 22 33 24 21 25 34 28 36 29 40 30 41 31 42 32 32 33 46 36 47 39 38 40 39 41 63 46 58 49 64 50 82 51 65 52 66 55 68 56 84 62 88 64 99 71 89 73 96 78 83 80 115 83 174 89 129 90 130 91 112 93 140 97 175 105 152 106 153 107 156 108 160 109 161 110 157 111 158 112 159 116 132 117 133 118 168 123 169 124 170 125 138 126 136 128 134 129 135 139 201 140 127 141 155 143 154 146 192 149 162 150 163 152 165 168 209 177 210 193 213 194 254 
1 1 30 87 64 117 74 138 77 161 107 231 113 190 114 191 116 192 118 189 120 237 126 193 128 194 129 195 135 197 152 230 155 242 156 243 














0 0 2 1 3 2 5 8 13 10 16 16 28 20 30 43 35 36 36 37 37 25 42 47 46 60 85 66 119 90 122 107 225 130 
55 297 120 500 124 293 143 277 148 282 149 280 151 278 157 286 180 354 188 270 189 350 193 362 194 363 197 364 199 365 212 430 245 536 
16 10 28 14 31 31 41 36 42 41 61 42 66 89 72 99 93 77 94 76 139 155 143 168 148 136 149 169 150 170 151 134 152 135 172 193 173 194 179 162 184 165 188 157 189 163 214 209 225 259 235 213 
2 1 3 2 10 8 15 14 16 15 26 41 28 53 31 70 35 72 37 54 39 60 41 71 42 87 44 52 47 57 51 76 52 90 59 65 66 96 67 97 68 98 70 101 72 117 73 119 74 105 76 107 77 109 85 118 89 108 95 133 96 134 100 138 104 140 107 167 118 137 119 161 131 154 137 187 138 188 140 186 141 162 143 189 144 190 145 191 146 192 148 193 151 194 152 195 153 196 155 241 157 197 160 245 172 220 173 221 176 222 178 223 180 224 184 230 190 236 191 237 193 242 194 243 212 276 















5 1 11 18 12 20 34 55 44 36 45 37 46 38 101 297 113 418 204 315 215 228 247 431 266 482 274 434 275 435 286 480 296 487 
52 63 71 56 81 112 91 163 105 100 117 127 120 110 123 113 136 122 153 129 200 282 205 211 213 181 228 265 242 184 261 266 271 295 272 296 284 319 
0 0 1 1 5 3 6 4 7 7 9 10 10 11 11 12 14 13 16 15 19 16 21 18 23 25 24 29 28 31 29 30 34 33 41 39 42 40 43 38 52 50 55 52 56 53 57 64 59 54 60 55 61 58 64 59 65 60 66 63 67 87 68 66 70 67 71 56 73 69 76 72 77 73 80 61 87 83 88 84 89 85 91 103 92 88 94 89 95 91 104 117 108 90 109 106 117 115 119 118 120 145 124 121 125 122 128 124 129 151 130 152 131 128 132 179 133 105 134 130 138 134 154 146 155 147 156 149 158 153 159 154 163 236 166 163 168 160 172 159 192 174 194 155 195 208 196 177 197 178 205 224 207 301 210 201 213 203 223 196 240 238 247 290 272 306 278 256 282 360 284 271 289 322 294 303 
















15 41 23 14 33 35 37 42 42 55 52 58 54 31 82 109 83 127 85 97 88 99 89 100 114 95 139 115 301 371 326 284 329 213 337 353 355 423 415 485 439 496 459 487 474 444 
52 50 55 33 136 108 141 118 145 116 159 155 167 240 193 178 220 140 289 208 296 210 319 226 336 264 342 221 392 249 416 323 430 243 431 290 497 350 

















2 0 11 16 12 15 23 21 37 30 89 109 171 172 172 173 212 177 231 193 272 262 310 254 331 311 365 348 416 312 432 429 492 401 494 423 


















17 19 37 17 39 20 72 42 74 32 95 68 96 40 97 41 124 107 125 76 160 377 174 101 175 102 176 103 177 104 213 106 249 227 294 189 334 222 



















24 14 25 13 26 15 34 21 35 22 43 33 51 36 53 40 64 38 65 60 66 39 81 63 83 81 106 65 117 174 140 111 173 128 176 189 178 211 239 270 288 213 




















1 1 2 2 5 3 15 14 16 15 25 54 26 55 27 56 29 43 36 72 46 85 47 87 63 116 66 118 70 106 81 142 85 160 88 136 90 161 115 330 





















1 2 3 6 8 24 12 35 28 39 32 47 33 48 34 49 36 51 42 67 43 71 44 72 71 162 78 134 91 115 94 119 98 120 130 168 158 183 172 216 197 233 231 269 252 281 













































12 17 87 68 89 69 90 70 106 81 144 145 145 105 200 223 227 226 228 274 229 278 230 279 246 270 251 281 253 283 263 500 267 342 277 356 314 513 
























13 8 18 13 29 25 30 32 40 42 69 81 73 68 106 64 146 99 232 143 270 157 274 133 277 168 278 134 279 135 280 169 281 170 282 136 340 192 343 195 344 196 350 163 355 162 356 165 358 167 423 210 424 190 433 194 509 258 513 209 537 266 
0 1 1 2 272 191 275 237 277 189 278 194 279 195 282 193 286 197 354 224 355 225 356 230 359 236 363 243 366 240 367 241 

























0 1 1 2 31 70 36 71 41 87 87 285 89 96 99 117 100 161 132 192 134 194 135 195 162 225 165 230 167 235 193 220 194 221 250 270 


























25 29 33 39 34 40 35 41 37 43 48 48 49 49 51 51 52 54 58 71 63 50 75 106 77 96 108 108 110 145 117 124 145 200 173 227 177 204 181 203 182 237 200 152 206 233 255 259 295 358 314 357 319 271 350 240 



























