
1 1 2 0 7 5 8 6 9 11 13 15 35 24 38 43 59 206 69 64 125 134 128 118 129 119 130 142 131 143 132 144 135 120 144 169 145 170 152 131 153 132 154 136 160 176 161 138 164 139 165 140 167 177 169 179 170 181 172 146 174 147 176 150 181 165 184 194 185 195 188 171 190 182 201 212 203 214 220 215 
24 97 66 40 91 71 107 86 123 107 125 132 128 136 130 134 137 138 156 163 160 165 165 135 172 139 184 156 185 157 190 182 191 183 
9 9 13 13 14 11 16 15 19 20 20 21 22 24 23 16 37 33 38 34 39 25 42 28 45 39 49 30 50 31 51 29 52 32 54 36 55 42 57 70 66 49 74 69 91 64 98 81 109 74 111 77 113 98 115 136 121 89 123 91 124 113 125 116 126 117 128 128 129 129 130 126 131 127 132 125 134 92 137 133 145 144 146 141 148 110 152 111 154 108 156 149 160 152 162 120 164 118 165 123 169 155 171 157 172 135 174 134 175 130 176 131 188 150 201 168 202 177 204 169 
51 35 68 63 91 72 109 100 121 98 123 119 124 144 125 146 128 151 130 148 142 136 148 188 156 179 160 184 162 191 163 190 165 149 169 193 172 157 175 154 176 155 184 172 185 173 188 189 190 195 201 214 239 241 
128 278 129 279 130 282 131 283 136 285 137 289 145 342 156 355 160 356 161 358 165 280 169 362 172 286 175 287 185 433 188 350 190 437 191 438 198 337 201 513 
9 9 19 29 22 21 46 37 49 41 50 42 51 40 54 47 65 63 66 64 68 69 70 84 83 81 91 99 125 132 126 133 128 134 130 136 131 137 148 157 152 158 154 160 156 162 157 197 160 165 161 167 164 168 165 169 166 170 184 193 185 194 188 163 198 234 199 235 201 209 202 210 203 212 


18 24 58 89 59 78 90 102 97 129 107 103 108 104 109 134 118 141 119 142 140 161 141 162 142 143 143 144 146 166 151 168 172 182 180 164 195 189 
11 9 15 13 18 11 19 15 24 23 36 31 37 29 42 33 60 49 61 52 75 64 100 80 118 128 119 129 128 113 131 111 133 106 135 117 136 108 137 109 139 118 140 123 141 124 142 126 143 127 144 125 145 154 146 135 147 134 149 130 150 131 151 132 152 133 164 146 169 143 171 150 174 141 176 152 179 155 180 156 193 177 214 178 
10 13 15 17 26 34 27 35 39 42 42 76 51 68 60 106 72 102 75 146 76 148 97 227 114 191 118 278 119 279 128 271 134 273 135 274 138 358 140 280 141 281 142 282 143 283 144 284 146 286 150 288 152 289 166 341 171 350 174 345 176 356 179 362 180 363 182 437 189 337 193 423 194 432 195 433 212 513 217 516 
10 8 15 14 18 13 36 42 37 40 42 46 51 62 60 64 63 69 70 88 75 99 109 118 118 134 119 135 131 158 135 133 136 160 137 161 138 167 139 168 140 169 141 170 144 138 169 154 171 163 176 165 193 210 194 193 195 194 212 209 214 212 



18 13 35 27 36 44 44 36 45 37 46 39 47 40 51 75 67 69 75 66 79 89 88 155 97 179 116 235 117 236 122 198 124 200 129 201 132 207 141 229 145 232 158 248 159 249 161 250 162 251 180 267 190 277 212 261 
43 39 46 40 47 41 50 34 79 69 94 106 117 150 124 223 125 148 128 226 141 278 142 279 143 282 144 283 155 349 157 355 161 280 162 281 164 363 165 362 166 286 178 340 180 342 189 433 190 356 




5 3 6 2 48 49 63 78 64 104 65 70 86 77 90 103 106 212 107 142 113 218 131 217 143 303 144 180 151 252 152 210 159 216 174 344 





3 2 9 16 28 22 37 30 38 31 44 55 74 102 75 103 82 136 83 141 89 134 90 174 91 197 92 182 94 183 96 208 115 198 121 240 141 252 142 251 171 262 173 220 185 273 






24 11 38 19 58 40 72 39 84 60 85 61 90 64 101 108 122 136 125 140 128 156 136 193 137 194 145 151 146 152 164 197 182 218 189 183 203 255 







4 4 5 5 24 10 41 28 42 42 43 43 45 30 54 26 55 27 70 61 76 62 83 72 84 75 85 97 92 89 93 91 94 76 99 78 106 107 120 86 121 87 164 203 
1 1 2 2 6 6 12 12 19 16 24 15 32 20 42 26 43 27 45 29 54 36 55 37 63 47 65 52 67 53 72 59 76 60 79 67 83 64 92 85 93 86 95 78 106 90 108 87 113 95 114 96 169 128 








6 3 9 7 10 8 25 13 28 16 29 15 34 24 42 22 43 36 50 30 51 31 53 29 65 39 66 40 71 51 76 60 80 48 94 76 105 88 113 95 115 99 130 122 
2 1 16 16 19 17 21 19 23 46 28 37 29 38 32 41 33 42 34 34 35 35 36 36 39 51 42 43 53 53 54 54 55 69 64 79 65 64 66 66 68 65 71 106 72 70 74 110 75 86 79 80 80 82 81 83 83 84 90 104 94 114 96 116 97 117 105 140 106 143 107 144 109 146 113 148 114 149 115 151 126 171 127 172 138 176 139 177 151 221 162 202 169 191 171 193 









11 17 13 19 14 20 17 16 18 15 19 37 21 39 39 58 44 98 45 56 47 75 50 94 52 71 53 96 54 97 58 72 59 185 67 121 68 123 70 125 71 100 88 118 89 174 90 119 92 177 93 179 97 182 98 183 99 184 101 131 116 175 117 176 120 180 122 213 138 248 139 251 141 297 142 299 160 334 161 335 163 249 





















2 5 3 6 28 56 29 59 30 71 31 72 61 91 69 133 82 87 86 131 92 148 94 114 103 128 132 156 134 158 135 159 167 155 171 196 172 197 173 195 214 228 323 298 
2 3 3 4 9 13 29 54 30 56 56 60 58 94 59 86 61 103 88 155 94 111 100 144 104 152 110 160 122 169 130 148 132 149 134 153 135 154 156 301 162 231 167 147 171 177 172 178 173 208 208 246 












3 4 4 7 5 8 40 49 53 30 71 64 107 91 135 123 136 128 139 135 159 143 163 149 164 145 165 152 171 151 174 155 175 156 179 146 
8 10 10 15 11 16 14 28 19 26 22 39 25 32 26 35 27 36 28 37 38 31 39 41 41 44 42 45 45 74 48 51 60 70 61 71 62 73 65 89 71 72 72 99 75 85 77 106 78 75 86 81 87 82 88 83 91 118 93 104 101 125 105 117 107 119 115 128 117 166 120 134 124 139 125 140 130 142 131 188 132 146 134 148 135 149 136 151 137 152 138 153 139 157 141 160 145 200 151 203 152 126 155 171 156 172 157 173 159 176 160 178 162 180 163 179 165 184 169 183 171 187 172 190 173 191 174 193 175 194 179 211 180 214 182 195 196 208 
11 16 14 20 26 36 27 37 28 25 44 38 53 47 54 50 62 60 72 64 75 66 89 85 97 80 98 81 100 97 107 90 140 107 
8 8 10 14 11 15 15 42 20 53 26 72 28 54 38 70 39 84 41 52 42 55 46 90 50 108 51 83 53 87 54 88 57 109 60 101 62 119 71 117 73 138 75 118 76 139 77 142 88 136 89 160 91 137 93 140 94 141 95 163 96 165 106 157 107 161 116 146 119 156 122 187 123 188 125 186 132 192 134 193 136 194 137 195 138 196 139 197 141 245 156 220 157 221 159 222 160 223 162 224 163 225 165 230 167 234 172 236 173 237 174 242 175 243 178 273 184 346 185 347 













7 13 28 41 29 35 64 72 71 66 74 100 89 98 110 188 113 144 114 145 115 142 116 146 118 143 120 191 123 149 126 148 128 151 130 154 131 155 135 157 142 175 143 176 149 179 150 189 151 187 152 184 155 193 156 194 159 199 168 214 
15 38 22 43 28 51 29 53 40 66 41 52 46 80 47 81 48 82 50 67 51 106 67 122 69 116 83 117 85 123 91 143 96 149 99 151 
13 17 23 31 43 112 49 106 50 70 105 348 110 270 113 271 120 275 121 276 123 280 124 281 126 282 127 283 128 278 129 279 130 287 131 288 133 289 135 286 141 345 144 342 148 344 149 355 150 350 152 356 155 362 156 363 177 423 
9 9 13 14 20 29 21 30 22 33 24 21 25 34 28 36 29 40 30 41 31 42 32 32 33 46 36 47 39 38 40 39 41 63 46 58 49 64 50 82 51 65 52 66 55 68 56 84 62 88 64 99 73 96 78 83 80 115 83 174 89 129 90 130 91 112 93 140 97 175 105 152 106 153 107 156 108 160 109 161 110 157 111 158 112 159 116 132 117 133 118 168 123 169 124 170 125 138 126 136 128 134 129 135 140 127 141 155 143 154 149 162 150 163 152 165 168 209 177 210 














31 31 41 36 42 41 61 42 66 89 72 99 93 77 94 76 139 155 143 168 148 136 149 169 150 170 151 134 152 135 172 193 173 194 179 162 184 165 188 157 189 163 214 209 
10 8 15 14 16 15 26 41 31 70 35 72 37 54 41 71 42 87 44 52 47 57 59 65 67 97 68 98 70 101 72 117 73 119 74 105 76 107 77 109 85 118 89 108 95 133 96 134 100 138 104 140 107 167 118 137 119 161 137 187 138 188 140 186 141 162 143 189 144 190 145 191 146 192 148 193 151 194 152 195 153 196 155 241 157 197 160 245 172 220 173 221 176 222 178 223 180 224 184 230 190 236 191 237 193 242 194 243 212 276 















7 7 11 12 14 13 23 25 29 30 43 38 55 52 56 53 57 64 59 54 60 55 61 58 65 60 66 63 67 87 68 66 70 67 71 56 73 69 80 61 87 83 88 84 89 85 91 103 92 88 94 89 95 91 108 90 120 145 124 121 125 122 128 124 129 151 130 152 131 128 133 105 134 130 138 134 154 146 155 147 156 149 158 153 159 154 192 174 194 155 195 208 196 177 197 178 207 301 210 201 213 203 240 238 282 360 284 271 294 303 






































































24 14 25 13 26 15 35 22 43 33 51 36 53 40 64 38 65 60 66 39 81 63 83 81 106 65 117 174 140 111 173 128 288 213 




















1 1 2 2 5 3 15 14 25 54 26 55 27 56 29 43 36 72 46 85 47 87 63 116 66 118 70 106 81 142 85 160 88 136 90 161 





















3 6 12 35 28 39 33 48 34 49 36 51 42 67 43 71 44 72 71 162 78 134 91 115 130 168 158 183 197 233 231 269 





































































13 8 18 13 29 25 40 42 69 81 73 68 106 64 146 99 232 143 270 157 274 133 277 168 278 134 279 135 280 169 281 170 282 136 340 192 343 195 344 196 350 163 355 162 356 165 358 167 423 210 424 190 433 194 513 209 



















































25 29 35 41 51 51 58 71 63 50 77 96 110 145 117 124 145 200 173 227 177 204 181 203 206 233 255 259 295 358 314 357 319 271 350 240 



























