0 1 0.87500
0 11 0.82353
0 12 0.83333
0 13 0.81481
0 23 1.00000
0 24 0.83784
1 2 0.68421
1 12 0.92857
1 23 0.95000
1 24 0.90323
2 22 0.71429
2 23 0.92000
3 16 0.77778
4 21 0.65217
5 20 0.52632
6 11 0.90909
6 19 0.77778
7 12 0.90909
7 18 0.93750
8 17 0.92683
10 14 0.68182
10 26 0.50000
11 12 0.61111
11 13 0.82609
11 19 0.94118
11 25 0.91667
12 13 0.86667
12 18 0.94444
12 23 0.93103
12 24 0.93333
13 24 0.72727
13 25 0.85455
14 26 0.63636
18 24 0.94118
19 25 0.83333
20 21 0.00000
23 24 0.75000
25 26 0.00000
