41
0 1681 491 339 73 55 75 82 93 84 79 64 78 61 53 47 51 52 39 28 44 79 65 57 66 56 83 80 125 144 112 70 51 57 67 34 45 43 136 700 973 
0 0 1362 757 160 60 74 72 84 97 101 85 67 74 65 54 44 51 50 36 43 62 97 83 76 50 50 49 100 118 131 117 70 73 89 45 47 27 69 266 498 
0 0 0 2647 625 90 71 70 73 71 85 94 81 73 70 64 70 43 66 54 33 40 88 90 108 116 68 59 40 76 123 116 130 113 88 79 57 43 42 118 232 
0 0 0 0 1050 141 57 93 66 68 70 92 81 63 86 62 60 40 64 46 24 28 56 65 103 107 98 74 41 54 114 109 118 103 84 83 66 52 46 75 170 
0 0 0 0 0 1059 224 532 82 52 75 67 62 55 74 56 46 50 77 49 47 46 35 27 34 42 121 109 86 70 51 72 106 121 102 67 104 84 61 53 55 
0 0 0 0 0 0 1729 2252 649 164 135 115 109 86 57 73 51 51 31 48 62 84 49 54 31 37 77 96 168 152 91 57 96 167 151 117 140 68 82 67 58 
0 0 0 0 0 0 0 2009 1969 464 258 179 160 123 93 64 43 50 31 21 85 100 68 69 48 53 52 66 188 169 139 117 63 150 184 178 163 83 102 85 76 
0 0 0 0 0 0 0 0 1052 307 200 184 168 118 103 74 68 56 27 34 71 62 36 36 23 31 38 76 180 154 110 86 63 145 203 158 115 64 88 77 96 
0 0 0 0 0 0 0 0 0 984 383 276 199 142 123 51 45 32 19 16 59 85 72 59 42 43 27 35 121 154 153 127 68 118 178 196 132 95 76 64 73 
0 0 0 0 0 0 0 0 0 0 1187 517 344 205 161 80 59 29 23 17 34 55 114 99 103 85 58 50 70 117 167 174 90 101 122 139 69 81 57 64 68 
0 0 0 0 0 0 0 0 0 0 0 1335 602 306 207 118 84 37 0 0 16 21 68 67 85 106 110 113 98 110 124 155 94 99 84 71 46 70 39 63 73 
0 0 0 0 0 0 0 0 0 0 0 0 1393 498 332 170 116 39 0 18 18 21 48 40 48 107 107 107 119 119 112 149 116 120 101 64 39 51 30 51 80 
0 0 0 0 0 0 0 0 0 0 0 0 0 968 543 279 189 52 21 16 0 0 22 20 33 68 80 98 128 144 121 110 98 126 97 76 56 28 33 44 72 
0 0 0 0 0 0 0 0 0 0 0 0 0 0 1477 517 378 108 31 0 0 0 0 0 17 28 38 67 146 174 160 104 62 118 92 71 58 31 26 42 54 
0 0 0 0 0 0 0 0 0 0 0 0 0 0 0 1182 819 230 82 23 0 0 0 0 0 18 49 69 111 144 164 129 62 105 98 80 61 39 25 37 49 
0 0 0 0 0 0 0 0 0 0 0 0 0 0 0 0 1921 662 167 52 21 20 0 18 0 18 25 21 72 98 149 149 72 72 79 85 51 45 25 36 38 
0 0 0 0 0 0 0 0 0 0 0 0 0 0 0 0 0 1130 268 71 23 27 19 22 17 0 19 24 92 87 175 131 81 71 70 83 55 82 24 34 33 
0 0 0 0 0 0 0 0 0 0 0 0 0 0 0 0 0 0 1199 258 57 46 27 22 18 0 27 17 54 78 127 111 108 91 42 40 39 74 46 35 32 
0 0 0 0 0 0 0 0 0 0 0 0 0 0 0 0 0 0 0 1025 159 79 55 40 39 34 39 38 27 26 93 111 81 91 48 44 67 47 55 32 29 
0 0 0 0 0 0 0 0 0 0 0 0 0 0 0 0 0 0 0 0 359 212 119 104 80 69 46 31 22 16 23 56 66 94 80 56 95 42 35 34 23 
0 0 0 0 0 0 0 0 0 0 0 0 0 0 0 0 0 0 0 0 0 1102 375 273 93 83 35 22 19 25 33 27 57 94 89 64 114 52 35 19 0 
0 0 0 0 0 0 0 0 0 0 0 0 0 0 0 0 0 0 0 0 0 0 1286 762 292 198 65 26 32 42 32 23 77 110 119 97 166 100 88 39 25 
0 0 0 0 0 0 0 0 0 0 0 0 0 0 0 0 0 0 0 0 0 0 0 2478 1050 738 205 77 43 54 52 43 39 38 59 92 119 106 162 82 38 
0 0 0 0 0 0 0 0 0 0 0 0 0 0 0 0 0 0 0 0 0 0 0 0 1359 994 236 77 31 35 45 40 28 20 36 63 86 109 144 90 30 
0 0 0 0 0 0 0 0 0 0 0 0 0 0 0 0 0 0 0 0 0 0 0 0 0 2509 796 221 44 48 40 42 41 22 20 26 27 52 124 95 56 
0 0 0 0 0 0 0 0 0 0 0 0 0 0 0 0 0 0 0 0 0 0 0 0 0 0 1268 357 61 49 61 57 62 46 17 20 32 36 91 106 60 
0 0 0 0 0 0 0 0 0 0 0 0 0 0 0 0 0 0 0 0 0 0 0 0 0 0 0 2131 256 117 67 64 53 70 20 19 28 49 102 106 62 
0 0 0 0 0 0 0 0 0 0 0 0 0 0 0 0 0 0 0 0 0 0 0 0 0 0 0 0 665 267 75 73 67 76 24 23 17 42 79 90 73 
0 0 0 0 0 0 0 0 0 0 0 0 0 0 0 0 0 0 0 0 0 0 0 0 0 0 0 0 0 2228 593 291 81 126 84 51 34 29 55 86 78 
0 0 0 0 0 0 0 0 0 0 0 0 0 0 0 0 0 0 0 0 0 0 0 0 0 0 0 0 0 0 1086 447 162 160 136 56 49 41 41 86 77 
0 0 0 0 0 0 0 0 0 0 0 0 0 0 0 0 0 0 0 0 0 0 0 0 0 0 0 0 0 0 0 1748 497 340 171 83 61 35 31 44 57 
0 0 0 0 0 0 0 0 0 0 0 0 0 0 0 0 0 0 0 0 0 0 0 0 0 0 0 0 0 0 0 0 802 469 294 107 76 37 21 36 51 
0 0 0 0 0 0 0 0 0 0 0 0 0 0 0 0 0 0 0 0 0 0 0 0 0 0 0 0 0 0 0 0 0 1198 452 122 203 63 50 29 33 
0 0 0 0 0 0 0 0 0 0 0 0 0 0 0 0 0 0 0 0 0 0 0 0 0 0 0 0 0 0 0 0 0 0 1676 478 572 114 62 55 45 
0 0 0 0 0 0 0 0 0 0 0 0 0 0 0 0 0 0 0 0 0 0 0 0 0 0 0 0 0 0 0 0 0 0 0 1399 1211 238 76 70 87 
0 0 0 0 0 0 0 0 0 0 0 0 0 0 0 0 0 0 0 0 0 0 0 0 0 0 0 0 0 0 0 0 0 0 0 0 1446 983 179 59 60 
0 0 0 0 0 0 0 0 0 0 0 0 0 0 0 0 0 0 0 0 0 0 0 0 0 0 0 0 0 0 0 0 0 0 0 0 0 1024 267 74 48 
0 0 0 0 0 0 0 0 0 0 0 0 0 0 0 0 0 0 0 0 0 0 0 0 0 0 0 0 0 0 0 0 0 0 0 0 0 0 1647 290 113 
0 0 0 0 0 0 0 0 0 0 0 0 0 0 0 0 0 0 0 0 0 0 0 0 0 0 0 0 0 0 0 0 0 0 0 0 0 0 0 1344 526 
0 0 0 0 0 0 0 0 0 0 0 0 0 0 0 0 0 0 0 0 0 0 0 0 0 0 0 0 0 0 0 0 0 0 0 0 0 0 0 0 1904 
0 0 0 0 0 0 0 0 0 0 0 0 0 0 0 0 0 0 0 0 0 0 0 0 0 0 0 0 0 0 0 0 0 0 0 0 0 0 0 0 0 
