41
0 1530 423 303 33 0 43 35 58 60 57 53 55 31 37 24 28 31 0 0 0 0 0 0 0 22 55 66 54 57 61 50 30 43 50 18 0 16 80 605 898 
0 0 1196 631 121 0 25 25 50 51 53 58 54 49 48 30 21 25 31 0 17 0 0 0 0 0 18 26 58 60 49 44 30 51 67 27 24 0 35 226 453 
0 0 0 2315 509 45 16 20 36 35 42 49 53 53 58 45 42 19 42 23 18 0 16 0 0 21 0 0 19 32 75 58 80 49 69 54 37 17 0 71 216 
0 0 0 0 969 87 18 41 27 36 35 45 45 52 60 47 45 0 44 23 0 0 0 0 20 26 25 0 0 21 69 60 82 39 61 51 38 27 0 47 148 
0 0 0 0 0 944 150 436 34 0 0 0 0 16 41 33 33 24 60 31 25 20 0 0 0 0 30 41 18 0 28 47 83 88 64 35 73 38 25 0 31 
0 0 0 0 0 0 1591 2126 501 112 72 70 52 44 24 21 27 32 17 26 39 41 16 16 0 0 0 30 59 52 39 28 53 128 106 71 115 34 27 32 30 
0 0 0 0 0 0 0 1816 1805 356 182 133 119 75 49 21 16 25 0 0 56 50 29 27 0 0 0 19 75 77 69 63 35 98 135 134 123 54 47 56 51 
0 0 0 0 0 0 0 0 886 238 162 140 124 83 65 37 32 31 0 26 42 36 0 0 0 0 0 32 90 81 65 51 32 95 134 100 86 21 50 59 70 
0 0 0 0 0 0 0 0 0 807 310 234 168 115 81 35 17 0 0 0 39 39 31 22 0 0 0 0 64 72 72 75 42 68 106 143 107 64 49 49 63 
0 0 0 0 0 0 0 0 0 0 979 399 283 180 137 54 33 0 0 0 0 16 36 40 39 37 24 0 42 67 83 86 61 66 85 92 44 58 41 46 52 
0 0 0 0 0 0 0 0 0 0 0 1152 434 250 164 92 48 16 0 0 0 0 22 34 36 54 62 42 48 68 75 72 54 61 66 43 30 40 24 33 51 
0 0 0 0 0 0 0 0 0 0 0 0 1264 378 261 136 85 23 0 0 0 0 28 0 21 64 54 38 46 69 80 85 65 70 83 43 24 33 0 29 49 
0 0 0 0 0 0 0 0 0 0 0 0 0 811 416 210 135 31 0 0 0 0 0 0 0 53 41 30 71 75 76 68 52 76 79 61 37 0 17 24 49 
0 0 0 0 0 0 0 0 0 0 0 0 0 0 1389 412 264 59 17 0 0 0 0 0 0 0 17 17 55 67 89 53 43 73 70 60 40 0 0 17 30 
0 0 0 0 0 0 0 0 0 0 0 0 0 0 0 1037 624 132 41 0 0 0 0 0 0 0 30 26 31 53 98 81 30 62 82 60 39 17 0 16 33 
0 0 0 0 0 0 0 0 0 0 0 0 0 0 0 0 1807 496 96 37 0 0 0 0 0 0 0 0 35 52 89 104 41 35 55 61 34 28 0 0 19 
0 0 0 0 0 0 0 0 0 0 0 0 0 0 0 0 0 970 162 38 0 0 0 0 0 0 0 0 56 53 118 99 55 21 43 61 35 43 0 0 0 
0 0 0 0 0 0 0 0 0 0 0 0 0 0 0 0 0 0 1044 179 0 0 0 0 0 0 0 0 35 46 96 92 90 47 16 18 0 38 20 0 0 
0 0 0 0 0 0 0 0 0 0 0 0 0 0 0 0 0 0 0 813 104 34 18 0 17 0 16 19 0 0 68 87 69 66 26 0 41 0 0 0 0 
0 0 0 0 0 0 0 0 0 0 0 0 0 0 0 0 0 0 0 0 311 171 87 66 58 54 31 16 0 0 0 45 60 78 63 28 82 17 0 0 0 
0 0 0 0 0 0 0 0 0 0 0 0 0 0 0 0 0 0 0 0 0 1019 303 219 72 68 18 0 0 0 24 0 47 80 72 46 66 23 0 0 0 
0 0 0 0 0 0 0 0 0 0 0 0 0 0 0 0 0 0 0 0 0 0 1142 625 201 125 31 0 0 0 0 0 60 95 98 67 120 57 34 0 0 
0 0 0 0 0 0 0 0 0 0 0 0 0 0 0 0 0 0 0 0 0 0 0 2331 890 585 119 24 0 0 0 0 0 16 44 65 94 67 86 29 0 
0 0 0 0 0 0 0 0 0 0 0 0 0 0 0 0 0 0 0 0 0 0 0 0 1262 876 165 35 0 0 0 0 0 0 28 41 55 61 76 32 0 
0 0 0 0 0 0 0 0 0 0 0 0 0 0 0 0 0 0 0 0 0 0 0 0 0 2383 676 156 17 0 0 0 0 0 0 0 16 28 57 52 21 
0 0 0 0 0 0 0 0 0 0 0 0 0 0 0 0 0 0 0 0 0 0 0 0 0 0 1082 249 0 0 0 0 0 0 0 0 0 21 50 52 21 
0 0 0 0 0 0 0 0 0 0 0 0 0 0 0 0 0 0 0 0 0 0 0 0 0 0 0 1936 137 59 0 0 0 0 0 0 0 29 57 59 31 
0 0 0 0 0 0 0 0 0 0 0 0 0 0 0 0 0 0 0 0 0 0 0 0 0 0 0 0 513 140 25 18 0 0 0 0 0 35 38 52 36 
0 0 0 0 0 0 0 0 0 0 0 0 0 0 0 0 0 0 0 0 0 0 0 0 0 0 0 0 0 2081 436 214 51 64 60 25 0 0 36 55 48 
0 0 0 0 0 0 0 0 0 0 0 0 0 0 0 0 0 0 0 0 0 0 0 0 0 0 0 0 0 0 925 359 116 99 106 24 0 0 22 59 56 
0 0 0 0 0 0 0 0 0 0 0 0 0 0 0 0 0 0 0 0 0 0 0 0 0 0 0 0 0 0 0 1616 411 297 153 58 35 0 0 33 47 
0 0 0 0 0 0 0 0 0 0 0 0 0 0 0 0 0 0 0 0 0 0 0 0 0 0 0 0 0 0 0 0 681 368 272 68 57 0 0 26 43 
0 0 0 0 0 0 0 0 0 0 0 0 0 0 0 0 0 0 0 0 0 0 0 0 0 0 0 0 0 0 0 0 0 1042 375 70 142 20 0 0 20 
0 0 0 0 0 0 0 0 0 0 0 0 0 0 0 0 0 0 0 0 0 0 0 0 0 0 0 0 0 0 0 0 0 0 1575 364 502 64 0 19 27 
0 0 0 0 0 0 0 0 0 0 0 0 0 0 0 0 0 0 0 0 0 0 0 0 0 0 0 0 0 0 0 0 0 0 0 1251 1140 163 27 34 55 
0 0 0 0 0 0 0 0 0 0 0 0 0 0 0 0 0 0 0 0 0 0 0 0 0 0 0 0 0 0 0 0 0 0 0 0 1389 891 125 20 23 
0 0 0 0 0 0 0 0 0 0 0 0 0 0 0 0 0 0 0 0 0 0 0 0 0 0 0 0 0 0 0 0 0 0 0 0 0 933 178 20 0 
0 0 0 0 0 0 0 0 0 0 0 0 0 0 0 0 0 0 0 0 0 0 0 0 0 0 0 0 0 0 0 0 0 0 0 0 0 0 1560 239 79 
0 0 0 0 0 0 0 0 0 0 0 0 0 0 0 0 0 0 0 0 0 0 0 0 0 0 0 0 0 0 0 0 0 0 0 0 0 0 0 1255 477 
0 0 0 0 0 0 0 0 0 0 0 0 0 0 0 0 0 0 0 0 0 0 0 0 0 0 0 0 0 0 0 0 0 0 0 0 0 0 0 0 1790 
0 0 0 0 0 0 0 0 0 0 0 0 0 0 0 0 0 0 0 0 0 0 0 0 0 0 0 0 0 0 0 0 0 0 0 0 0 0 0 0 0 
