0 1 0.53529
0 2 0.91962
0 3 0.96370
0 4 0.87879
0 6 0.48837
0 7 0.60000
0 8 0.48276
0 9 0.51667
0 10 0.56140
0 11 0.56604
0 12 0.50909
0 13 0.58065
0 14 0.43243
0 15 0.66667
0 16 0.78571
0 17 0.80645
0 25 0.81818
0 26 0.90909
0 27 0.93939
0 28 0.94444
0 29 0.96491
0 30 0.47541
0 31 0.50000
0 32 0.53333
0 33 0.53488
0 34 0.60000
0 35 0.61111
0 37 0.62500
0 38 0.90000
0 39 0.78512
0 40 0.76726
1 2 0.51421
1 3 0.77813
1 4 0.87603
1 6 0.48000
1 7 0.52000
1 8 0.54000
1 9 0.56863
1 10 0.62264
1 11 0.60345
1 12 0.57407
1 13 0.61224
1 14 0.60417
1 15 0.50000
1 16 0.52381
1 17 0.92000
1 18 0.83871
1 20 0.88235
1 26 0.88889
1 27 0.92308
1 28 0.94828
1 29 0.91667
1 30 0.55102
1 31 0.56818
1 32 0.50000
1 33 0.50980
1 34 0.49254
1 35 0.44444
1 36 0.54167
1 38 0.77143
1 39 0.93805
1 40 0.99117
2 3 0.64104
2 4 0.57957
2 5 0.62222
2 6 0.62500
2 7 0.80000
2 8 0.55556
2 9 0.68571
2 10 0.73810
2 11 0.63265
2 12 0.60377
2 13 0.58491
2 14 0.56897
2 15 0.55556
2 16 0.54762
2 17 0.84211
2 18 0.97619
2 19 0.82609
2 20 0.77778
2 22 0.75000
2 25 0.66667
2 28 0.84211
2 29 0.43750
2 30 0.96000
2 31 0.87931
2 32 0.96250
2 33 0.95918
2 34 0.56522
2 35 0.50000
2 36 0.45946
2 37 0.00000
2 39 0.91549
2 40 0.98148
3 4 0.60062
3 5 0.56322
3 6 0.00000
3 7 0.51220
3 8 0.62963
3 9 0.69444
3 10 0.68571
3 11 0.71111
3 12 0.57778
3 13 0.61538
3 14 0.65000
3 15 0.55319
3 16 0.57778
3 18 0.95455
3 19 0.78261
3 24 0.55000
3 25 0.80769
3 26 0.80000
3 29 0.57143
3 30 0.89855
3 31 0.88333
3 32 0.97561
3 33 0.64103
3 34 0.59016
3 35 0.56863
3 36 0.36842
3 37 0.55556
3 39 0.89362
3 40 0.95946
4 5 0.66419
4 6 0.73333
4 7 0.57798
4 8 0.52941
4 13 0.75000
4 14 0.68293
4 15 0.66667
4 16 0.69697
4 17 0.54167
4 18 0.95000
4 19 0.90323
4 20 0.96000
4 21 0.90000
4 26 0.80000
4 27 0.82927
4 28 0.77778
4 30 0.89286
4 31 0.93617
4 32 0.96386
4 33 0.98864
4 34 0.92188
4 35 0.57143
4 36 0.95890
4 37 0.57895
4 38 0.56000
4 40 0.77419
5 6 0.74859
5 7 0.74271
5 8 0.66267
5 9 0.75893
5 10 0.88889
5 11 0.94286
5 12 0.92308
5 13 0.86364
5 14 0.91667
5 15 0.66667
5 16 0.85185
5 17 0.81250
5 18 0.82353
5 19 0.88462
5 20 0.89744
5 21 0.92683
5 22 0.81250
5 23 0.00000
5 27 0.83333
5 28 0.84746
5 29 0.88462
5 30 0.82051
5 31 0.82143
5 32 0.98113
5 33 0.96875
5 34 0.97170
5 35 0.95775
5 36 0.97391
5 37 0.55882
5 38 0.55556
5 39 0.53125
5 40 0.46667
6 7 0.73018
6 8 0.77839
6 9 0.62640
6 10 0.87363
6 11 0.91729
6 12 0.92437
6 13 0.93333
6 14 0.87755
6 15 0.85714
6 16 0.62500
6 17 0.76000
6 20 0.64286
6 21 0.94000
6 22 0.89655
6 23 0.92593
6 27 0.78947
6 28 0.90667
6 29 0.89610
6 30 0.91304
6 31 0.85714
6 32 0.85714
6 33 0.95918
6 34 0.96296
6 35 0.97761
6 36 0.97561
6 37 0.92593
6 38 0.82979
6 39 0.48214
6 40 0.49020
7 8 0.61287
7 9 0.78571
7 10 0.84568
7 11 0.91429
7 12 0.95161
7 13 0.91566
7 14 0.92308
7 15 0.86486
7 16 0.56250
7 17 0.83871
7 19 0.92308
7 20 0.97619
7 21 0.94444
7 27 0.87500
7 28 0.88889
7 29 0.93827
7 30 0.89231
7 31 0.94118
7 32 0.62500
7 33 0.94737
7 34 0.95522
7 35 0.96000
7 36 0.96512
7 37 0.76190
7 38 0.40000
7 39 0.55932
7 40 0.57143
8 9 0.57249
8 10 0.68710
8 11 0.87179
8 12 0.91667
8 13 0.94783
8 14 0.87654
8 15 0.91429
8 16 0.88235
8 20 0.53846
8 21 0.92308
8 22 0.83871
8 23 0.81818
8 28 0.92188
8 29 0.91667
8 30 0.90278
8 31 0.90667
8 32 0.95238
8 33 0.60294
8 34 0.93396
8 35 0.96503
8 36 0.98131
8 37 0.95312
8 38 0.93878
8 39 0.46939
8 40 0.50794
9 10 0.59142
9 11 0.68421
9 12 0.79859
9 13 0.83333
9 14 0.70073
9 15 0.66667
9 16 0.51515
9 21 0.81250
9 22 0.94444
9 23 0.92500
9 24 0.84615
9 25 0.89189
9 26 0.87500
9 28 0.92857
9 29 0.91045
9 30 0.87952
9 31 0.90698
9 32 0.91803
9 33 0.95455
9 34 0.77647
9 35 0.93478
9 36 0.95455
9 37 0.98276
9 38 0.90244
9 39 0.36957
9 40 0.48077
10 11 0.63976
10 12 0.53917
10 13 0.65600
10 14 0.62805
10 15 0.44565
10 16 0.52083
10 17 0.00000
10 22 0.90909
10 23 0.94118
10 24 0.88889
10 25 0.90741
10 26 0.91935
10 27 0.92857
10 28 0.85417
10 29 0.91176
10 30 0.90667
10 31 0.90278
10 32 0.92593
10 33 0.91803
10 34 0.95455
10 35 0.60465
10 36 0.53333
10 37 0.92500
10 38 0.75000
10 39 0.45455
10 40 0.50980
11 12 0.65111
11 13 0.52910
11 14 0.59387
11 15 0.49265
11 16 0.56471
11 17 0.73913
11 22 0.85714
11 24 0.76190
11 25 0.93750
11 26 0.92593
11 27 0.81579
11 28 0.82609
11 29 0.66667
11 30 0.93750
11 31 0.95294
11 32 0.92308
11 33 0.91429
11 34 0.95181
11 35 0.81395
11 36 0.87500
11 37 0.84848
11 39 0.62069
11 40 0.53061
12 13 0.57213
12 14 0.44952
12 15 0.50000
12 16 0.45185
12 17 0.67742
12 25 0.94340
12 26 0.95122
12 27 0.86667
12 28 0.45070
12 29 0.78667
12 30 0.89474
12 31 0.92647
12 32 0.88462
12 33 0.92105
12 34 0.93671
12 35 0.95082
12 36 0.86486
12 38 0.00000
12 39 0.58333
12 40 0.46939
13 14 0.74226
13 15 0.33010
13 16 0.36742
13 17 0.50847
13 18 0.76471
13 26 0.88235
13 27 0.82353
13 28 0.90909
13 29 0.88060
13 30 0.92135
13 31 0.81132
13 32 0.88372
13 33 0.89041
13 34 0.94286
13 35 0.93333
13 36 0.97500
13 39 0.00000
13 40 0.56667
14 15 0.64417
14 16 0.58974
14 17 0.37121
14 18 0.56098
14 26 0.86667
14 27 0.92308
14 28 0.80645
14 29 0.92453
14 30 0.96939
14 31 0.93827
14 32 0.80000
14 33 0.91935
14 34 0.95122
14 35 0.93333
14 36 0.92308
14 37 0.76471
14 39 0.62500
14 40 0.51515
15 16 0.80686
15 17 0.54435
15 18 0.40625
15 19 0.51351
15 28 0.91429
15 29 0.90385
15 30 0.95506
15 31 0.94231
15 32 0.92683
15 33 0.85714
15 34 0.87273
15 35 0.95082
15 36 0.88235
15 37 0.89286
15 40 0.00000
16 17 0.66082
16 18 0.50617
16 19 0.44737
16 28 0.94643
16 29 0.94340
16 30 0.94915
16 31 0.97980
16 32 0.96364
16 33 0.76190
16 34 0.83721
16 35 0.93443
16 36 0.91429
16 37 0.88372
17 18 0.68008
17 19 0.31285
17 28 1.00000
17 29 0.95652
17 30 0.97917
17 31 0.96739
17 32 1.00000
17 33 0.95745
17 34 0.75000
17 35 0.61111
17 37 0.86842
17 38 0.70000
18 19 0.57442
18 20 0.77885
18 21 0.91176
18 22 0.88889
18 24 0.88235
18 26 0.81250
18 27 0.68421
18 30 0.94118
18 31 0.95402
18 32 0.97101
18 33 0.96970
18 34 0.88462
18 36 0.95122
19 20 0.73633
19 21 0.90058
19 22 0.93103
19 23 0.92424
19 24 0.89655
19 25 0.94444
19 26 0.93548
19 27 0.81250
19 31 0.95556
19 32 0.98333
19 33 0.94872
19 34 0.98413
19 35 0.85714
19 36 0.98780
19 37 0.88235
20 21 0.57409
20 22 0.73267
20 23 0.75799
20 24 0.86111
20 25 0.73529
20 26 0.61111
20 30 0.87500
20 32 0.97872
20 33 0.98750
20 34 0.95833
20 35 0.89130
20 36 0.95455
20 37 0.73913
21 22 0.51313
21 23 0.50880
21 24 0.75622
21 25 0.76000
21 26 0.70968
21 32 0.96667
21 33 0.97895
21 34 0.95918
21 35 0.94030
21 36 0.97500
21 37 0.94737
21 38 0.85294
22 23 0.82497
22 24 0.64157
22 25 0.61880
22 26 0.69748
22 27 0.45833
22 33 0.87500
22 34 0.90909
22 35 0.95385
22 36 0.95745
22 37 0.97015
22 38 0.93023
22 39 0.79310
23 24 0.78368
23 25 0.74087
23 26 0.58182
23 27 0.57143
23 34 0.89286
23 35 0.92683
23 36 0.94545
23 37 0.95082
23 38 0.96053
23 39 0.96875
24 25 0.84515
24 26 0.67604
24 27 0.49359
24 28 0.00000
24 36 0.81250
24 37 0.92857
24 38 0.80702
24 39 0.94231
24 40 0.90476
25 26 0.83179
25 27 0.65863
25 37 0.80952
25 38 0.92000
25 39 0.92308
25 40 0.85714
26 27 0.77428
26 28 0.89051
26 29 0.84746
26 37 0.62069
26 38 0.77193
26 39 0.96610
26 40 0.93548
27 28 0.61404
27 29 0.44286
27 30 0.00000
27 31 0.00000
27 37 0.45714
27 38 0.34211
27 39 0.88462
27 40 0.52778
28 29 0.76309
28 30 0.68807
28 31 0.89252
28 32 0.90196
28 33 0.90625
28 34 0.95000
28 35 0.80000
28 38 0.52778
28 39 0.63636
28 40 0.66667
29 30 0.57946
29 31 0.76880
29 32 0.81897
29 33 0.92929
29 34 0.94340
29 35 0.79167
29 38 0.54545
29 39 0.52542
29 40 0.51786
30 31 0.72215
30 32 0.59854
30 33 0.87879
30 34 0.93464
30 35 0.84483
30 36 0.82857
30 39 0.60606
30 40 0.48936
31 32 0.57122
31 33 0.80707
31 34 0.88235
31 35 0.82353
31 36 0.82456
31 39 0.53846
31 40 0.48837
32 33 0.68522
32 34 0.55200
32 35 0.64286
32 36 0.67606
32 37 0.00000
32 40 0.50000
33 34 0.70921
33 35 0.50549
33 36 0.55179
33 37 0.34375
33 39 0.52632
33 40 0.55556
34 35 0.62510
34 36 0.71053
34 37 0.64417
34 38 0.70370
34 39 0.44118
34 40 0.49091
35 36 0.72066
35 37 0.62963
35 38 0.69600
35 39 0.60000
35 40 0.56522
36 37 0.77063
36 38 0.93258
36 39 0.75000
37 38 0.63526
37 39 0.52301
37 40 0.70886
38 39 0.57769
38 40 0.71698
39 40 0.56704
