0 1 0.94444
0 2 0.88000
0 56 0.86957
0 57 1.00000
1 2 0.90385
1 3 0.76667
1 56 0.65000
1 57 0.81395
1 58 0.94828
1 59 0.81633
1 60 0.85185
2 3 0.75926
2 4 0.55000
2 57 0.82143
2 58 0.84091
2 59 0.82143
2 60 0.84848
3 4 0.61765
3 58 0.86364
3 59 0.70732
3 60 0.69231
3 61 0.65000
4 61 0.70833
4 62 0.69231
6 7 0.73684
7 8 0.72414
7 9 1.00000
8 9 0.77778
10 11 0.70000
10 12 0.77500
10 69 0.75472
10 70 0.87838
10 71 0.84483
11 12 0.79874
11 13 0.84416
11 14 0.91304
11 15 0.86364
11 69 0.72727
11 70 0.67347
11 71 0.75641
11 72 0.76923
12 13 0.83178
12 14 0.84615
12 15 0.84848
12 16 0.96875
12 69 0.61538
12 70 0.69444
12 71 0.62500
12 72 0.69767
12 73 0.65217
13 14 0.81675
13 15 0.84906
13 16 0.92308
13 17 1.00000
13 18 1.00000
13 71 0.73077
13 72 0.71875
13 73 0.54286
13 74 0.55556
14 15 0.88288
14 16 0.88983
14 17 0.98148
14 18 0.97368
14 20 0.92308
14 71 0.78261
14 72 0.73913
14 73 0.59375
14 74 0.63333
15 16 0.86154
15 17 0.98611
15 18 0.94118
15 19 0.89474
15 20 0.93939
15 72 0.75000
15 73 0.70833
15 74 0.59375
15 75 0.57895
16 17 0.89216
16 18 0.90323
16 19 0.88571
16 20 0.84906
16 76 0.72727
17 18 0.96154
17 19 0.82540
17 20 0.87356
17 75 0.68421
17 76 0.69231
17 77 0.71429
17 78 0.66667
17 79 0.68750
18 19 0.83654
18 20 0.85106
18 21 0.70000
18 22 0.57692
18 76 0.64000
18 77 0.70370
18 78 0.78571
18 79 0.68421
18 80 0.60000
19 20 0.85955
19 21 0.74545
19 22 0.71642
19 23 0.72500
19 24 0.71111
19 25 0.62069
19 26 0.71875
19 80 0.76471
19 84 0.85000
20 21 0.70130
20 22 0.63636
20 23 0.66667
20 24 0.63636
20 76 0.50000
20 77 0.61905
20 79 0.73913
20 80 0.78788
21 22 0.81022
21 23 0.78667
21 24 0.74074
21 25 0.73846
21 26 0.74545
21 81 0.61905
21 82 0.73684
21 83 0.80000
21 84 0.79167
22 23 0.77622
22 24 0.77372
22 25 0.72414
22 26 0.65116
22 27 0.68750
22 29 0.76923
22 81 0.73077
22 82 0.72000
22 83 0.76923
22 84 0.66667
22 85 0.86957
23 24 0.93182
23 25 0.79710
23 26 0.73793
23 27 0.54717
23 29 0.69565
23 30 0.64706
23 81 0.73333
23 82 0.74419
23 83 0.74359
23 84 0.68571
23 85 0.72414
24 25 0.99576
24 26 1.00000
24 27 0.66667
24 29 0.71667
24 30 0.61538
24 81 0.61538
24 82 0.75000
24 83 0.81081
24 84 0.72222
24 85 0.69231
24 86 0.72414
25 26 0.99578
25 27 0.69412
25 28 0.62500
25 29 0.71212
25 30 0.66667
25 31 0.62500
25 33 0.79167
25 81 0.62500
25 82 0.79487
25 83 0.79545
25 84 0.70526
25 85 0.70455
25 86 0.76471
26 27 0.73333
26 28 0.81818
26 29 0.77778
26 30 0.75000
26 31 0.81818
26 33 0.86111
26 34 0.90000
26 81 0.57143
26 82 0.76471
26 83 0.84615
26 84 0.73118
26 85 0.71111
26 86 0.87500
27 28 0.60938
27 29 0.69091
27 30 0.67089
27 31 0.60345
27 32 0.75000
27 33 0.90196
27 34 0.80952
27 35 0.83333
27 36 0.61111
27 84 0.68421
27 85 0.64407
27 86 0.72222
27 87 0.78261
28 29 0.70130
28 30 0.93137
28 31 0.78049
28 32 0.46809
28 33 0.68421
28 34 0.69811
28 35 0.65714
28 36 0.55556
28 37 0.00000
28 84 0.70000
28 85 0.45833
28 86 0.72449
28 87 0.74359
29 30 0.73394
29 31 0.61404
29 32 0.73684
29 33 0.77778
29 34 0.80556
29 35 0.77273
29 84 0.68000
29 85 0.71698
29 86 0.80198
29 87 0.88889
30 31 0.74359
30 32 0.54054
30 33 0.73846
30 34 0.75862
30 35 0.75758
30 36 0.58824
30 84 0.65000
30 85 0.48276
30 86 0.75893
30 87 0.80645
31 32 0.59184
31 33 0.65455
31 34 0.70588
31 35 0.66667
31 36 0.56250
31 37 0.48148
31 85 0.55172
31 86 0.67949
31 87 0.75000
32 33 0.89231
32 34 0.77941
32 35 0.80460
32 36 0.77273
32 37 0.66038
32 38 0.64286
32 39 0.62500
32 86 0.65217
32 87 0.69811
32 88 0.78571
32 93 0.72000
33 34 1.00000
33 35 0.86957
33 36 0.86957
33 37 0.79412
33 38 0.55000
33 39 0.58824
33 86 0.79518
33 87 0.77966
33 88 0.68421
34 35 0.98969
34 36 1.00000
34 37 1.00000
34 38 0.50000
34 39 0.50000
34 86 0.81481
34 87 0.74684
34 88 0.60000
34 93 0.50000
35 36 1.00000
35 37 1.00000
35 38 0.51429
35 39 0.58065
35 40 0.70588
35 86 0.80000
35 87 0.75000
35 88 0.72973
35 93 0.53846
36 37 1.00000
36 38 0.62791
36 39 0.63889
36 40 0.82609
36 41 0.81818
36 86 0.61905
36 87 0.73585
36 88 0.68571
36 93 0.53571
37 38 0.63830
37 39 0.69444
37 40 0.79167
37 41 0.76923
37 87 0.69444
37 88 0.64286
37 93 0.54545
38 39 0.64103
38 40 0.61404
38 41 0.79412
38 87 0.60000
38 88 0.73333
38 89 0.62500
38 90 0.52632
38 93 0.54386
39 40 0.60938
39 41 0.85294
39 42 0.68750
39 87 0.00000
39 88 0.53488
39 89 0.57500
39 90 0.61111
39 93 0.68333
40 41 0.81579
40 42 0.86364
40 43 0.85000
40 44 0.93103
40 45 0.83333
40 88 0.62963
40 89 0.73469
40 90 0.72222
40 91 0.94286
40 92 0.96154
40 93 0.65000
40 94 0.74419
40 95 0.84848
41 42 0.88608
41 43 0.89362
41 44 0.90909
41 45 0.83784
41 88 0.70588
41 89 0.72727
41 90 0.81319
41 91 0.93478
41 92 0.90000
41 93 0.71429
41 94 0.80952
41 95 0.92308
42 43 0.83810
42 44 0.87879
42 45 0.86792
42 46 0.90476
42 47 1.00000
42 48 0.85000
42 89 0.75000
42 90 0.86301
42 91 0.94444
42 92 0.87805
42 94 0.93684
42 95 0.92208
42 97 0.95455
43 44 0.90476
43 45 0.75258
43 46 0.93750
43 47 0.95238
43 48 0.88000
43 49 1.00000
43 90 0.90244
43 91 0.93407
43 92 0.90741
43 94 0.91379
43 95 0.97561
43 96 0.86957
43 97 0.92000
44 45 0.85915
44 46 0.82927
44 47 0.96078
44 48 0.83333
44 49 0.88000
44 90 0.92857
44 91 0.80769
44 92 0.91852
44 94 0.95833
44 95 0.92982
44 96 0.91837
44 97 0.87500
45 46 0.93023
45 47 0.91803
45 48 0.89474
45 49 0.90323
45 90 0.92500
45 91 0.85246
45 92 0.82716
45 94 0.88095
45 95 0.80808
45 96 0.93939
45 97 0.86364
45 98 1.00000
46 47 0.94444
46 48 0.92727
46 49 0.93023
46 91 0.95238
46 92 1.00000
46 95 0.94286
46 97 0.90000
47 48 1.00000
47 49 0.87931
47 90 1.00000
47 91 0.93103
47 92 0.94872
47 94 1.00000
47 95 0.91489
47 96 0.78947
47 97 0.97015
47 98 0.90476
48 49 0.90909
48 92 0.85714
48 95 0.92000
48 97 0.87805
48 98 0.86207
49 50 0.90476
49 92 1.00000
49 97 0.95000
49 98 0.87805
50 51 0.74359
50 52 0.71429
50 98 0.94737
50 99 0.76000
51 52 0.68293
51 99 0.66667
51 100 0.70588
52 53 0.62857
52 99 0.72222
52 100 0.87097
53 54 0.54545
53 55 0.60000
53 56 0.60000
53 100 0.85366
54 55 0.83077
54 56 0.77500
54 57 0.66667
54 100 0.78947
55 56 0.86567
55 57 0.89189
56 57 0.86441
56 58 0.73077
57 58 0.83544
57 59 0.68182
57 60 0.82353
58 59 0.78571
58 60 0.76667
59 60 0.70588
60 61 0.52632
60 62 0.72222
61 62 0.60000
62 63 0.78571
63 64 0.83077
63 65 0.74286
63 66 0.71429
64 65 0.87013
64 66 0.85294
65 66 0.90323
65 67 0.67857
65 68 0.68421
66 67 0.87500
66 68 0.80769
67 68 0.77500
69 70 0.81818
69 71 0.74286
70 71 0.77941
70 72 0.80000
71 72 0.75000
72 73 0.64706
73 74 0.59524
74 75 0.71429
75 76 0.58621
76 77 0.68750
76 78 0.60714
77 78 1.00000
77 79 0.70833
78 79 0.60000
79 80 0.82143
81 82 0.62069
82 83 0.72414
82 84 0.57143
82 85 0.71429
83 84 0.81633
83 85 0.62963
84 85 0.68852
84 86 0.59375
85 86 0.57143
86 87 0.77778
87 88 0.57576
87 93 0.54167
88 89 0.64516
88 90 0.64706
88 93 0.70370
89 90 0.65854
89 93 0.63636
89 94 0.76190
90 91 1.00000
90 92 0.96364
90 93 0.73684
90 94 0.83516
90 95 0.95918
91 92 0.94286
91 94 0.96203
91 95 0.91463
91 97 1.00000
92 94 0.93939
92 95 1.00000
92 96 0.75000
92 97 0.92857
94 95 0.96296
95 96 0.88889
95 97 0.93939
97 98 0.94595
